# d_a
# unit = Mpc
0.000000000000000000e+00
4.371441715475468470e+01
8.636940639174217438e+01
1.279947032932407467e+02
1.686189609999269692e+02
2.082698015060497312e+02
2.469738639869308088e+02
2.847568503553407595e+02
3.216435682288393423e+02
3.576579714768288341e+02
3.928231985038727316e+02
4.271616084145504146e+02
4.606948151947901806e+02
4.934437200350746480e+02
5.254285419121184759e+02
5.566688465374980979e+02
5.871835737742493393e+02
6.169910636154743315e+02
6.461090808126552929e+02
6.745548382354058958e+02
7.023450190389264662e+02
7.294957977103379108e+02
7.560228600603678615e+02
7.819414222224733066e+02
8.072662487174437729e+02
8.320116696377534709e+02
8.561915970024131184e+02
8.798195403298454949e+02
9.029086214732470808e+02
9.254715887601008717e+02
9.475208304748563251e+02
9.690683877213739379e+02
9.901259666994188819e+02
1.010704950427385029e+03
1.030816409941432312e+03
1.050471114999373867e+03
1.069679544315922158e+03
1.088451895354276303e+03
1.106798093697533886e+03
1.124727802022006699e+03
1.142250428693170988e+03
1.159375136003792250e+03
1.176110848072565659e+03
1.192466258420568465e+03
1.208449837241784280e+03
1.224069838383031538e+03
1.239334306047722521e+03
1.254251081237061499e+03
1.268827807941506080e+03
1.283071939094583968e+03
1.296990742300475858e+03
1.310591305346126319e+03
1.323880541508054648e+03
1.336865194663446800e+03
1.349551844214615130e+03
1.361946909835375436e+03
1.374056656047443994e+03
1.385887196634527527e+03
1.397444498901329553e+03
1.408734387784336832e+03
1.419762549820898585e+03
1.430534536982705276e+03
1.441055770379535488e+03
1.451331543838755124e+03
1.461367027365828108e+03
1.471167270490797137e+03
1.480737205505442034e+03
1.490081650595586552e+03
1.499205312872824152e+03
1.508112791309664544e+03
1.516808579581970434e+03
1.525297068822312895e+03
1.533582550287720778e+03
1.541669217945134960e+03
1.549561170977701977e+03
1.557262416214905898e+03
1.564776870489404928e+03
1.572108362923274399e+03
1.579260637146265481e+03
1.586237353448561635e+03
1.593042090870375432e+03
1.599678349230674712e+03
1.606149551097163567e+03
1.612459043699612948e+03
1.618610100788479940e+03
1.624605924440735407e+03
1.630449646814672406e+03
1.636144331855458177e+03
1.641692976953062043e+03
1.647098514554146277e+03
1.652363813729463345e+03
1.657491681698194498e+03
1.662484865310642363e+03
1.667346052490621560e+03
1.672077873638826986e+03
1.676682902998441477e+03
1.681163659984149945e+03
1.685522610475716419e+03
1.689762168077233582e+03
1.693884695343089106e+03
1.697892504971676999e+03
1.701787860967835741e+03
1.705572979774962732e+03
1.709250031377702499e+03
1.712821140376104040e+03
1.716288387032085666e+03
1.719653808289020162e+03
1.722919398765235655e+03
1.726087111722192731e+03
1.729158860008058355e+03
1.732136516977409428e+03
1.735021917387724898e+03
1.737816858273341722e+03
1.740523099797513169e+03
1.743142366083192428e+03
1.745676346023116139e+03
1.748126694069795576e+03
1.750495031005955980e+03
1.752782944695971992e+03
1.754991990818815566e+03
1.757123693583034083e+03
1.759179546424244108e+03
1.761161012685613287e+03
1.763069526281796698e+03
1.764906492346771529e+03
1.766673287866000237e+03
1.768371262293351037e+03
1.770001738153165434e+03
1.771566011627889793e+03
1.773065353131630218e+03
1.774501007870017702e+03
1.775874196386741232e+03
1.777186115097090124e+03
1.778437936808851646e+03
1.779630811230897052e+03
1.780765865469762957e+03
1.781844204514547300e+03
1.782866911710428667e+03
1.783835049221077497e+03
1.784749658480270455e+03
1.785611760632968299e+03
1.786422356966135112e+03
1.787182429329542856e+03
1.787892940546842510e+03
1.788554834817119854e+03
1.789169038107193273e+03
1.789736458534884832e+03
1.790257986743480842e+03
1.790734496267612485e+03
1.791166843890770451e+03
1.791555869994653904e+03
1.791902398900563185e+03
1.792207239203036352e+03
1.792471184095906665e+03
1.792695011690990441e+03
1.792879485329566933e+03
1.793025353886832818e+03
1.793133352069512057e+03
1.793204200706778238e+03
1.793238607034652659e+03
1.793237264974048458e+03
1.793200855402595380e+03
1.793130046420419376e+03
1.793025493610003195e+03
1.792887840290284430e+03
1.792717717765116504e+03
1.792515745566243822e+03
1.792282531690916130e+03
1.792018672834254858e+03
1.791724754616529935e+03
1.791401351805440299e+03
1.791049028533519277e+03
1.790668338510804460e+03
1.790259825232850744e+03
1.789824022184228170e+03
1.789361453037582123e+03
1.788872631848386618e+03
1.788358063245477297e+03
1.787818242617460555e+03
1.787253656295107703e+03
1.786664781729821016e+03
1.786052087668258082e+03
1.785416034323218810e+03
1.784757073540864212e+03
1.784075648964368611e+03
1.783372196194073013e+03
1.782647142944236293e+03
1.781900909196445582e+03
1.781133907349779520e+03
1.780346542367785332e+03
1.779539211922351797e+03
1.778712306534549043e+03
1.777866209712494083e+03
1.777001298086325733e+03
1.776117941540343963e+03
1.775216503342377564e+03
1.774297340270460381e+03
1.773360802736839787e+03
1.772407234909428553e+03
1.771436974830706959e+03
1.770450354534179951e+03
1.769447700158398447e+03
1.768429332058639602e+03
1.767395564916272861e+03
1.766346707845875017e+03
1.765283064500139517e+03
1.764204933172631627e+03
1.763112606898443346e+03
1.762006373552780587e+03
1.760886515947541966e+03
1.759753311925919206e+03
1.758607034455096027e+03
1.757447951717032538e+03
1.756276327197429282e+03
1.755092419772887069e+03
1.753896483796299890e+03
1.752688769180532063e+03
1.751469521480402591e+03
1.750238981973035379e+03
1.748997387736576457e+03
1.747744971727357097e+03
1.746481962855498068e+03
1.745208586059009804e+03
1.743925062376423739e+03
1.742631609017965047e+03
1.741328439435321798e+03
1.740015763390033499e+03
1.738693787020517220e+03
1.737362712907779724e+03
1.736022739203044921e+03
1.734674063409110886e+03
1.733316876907588721e+03
1.731951368681407303e+03
1.730577724465734264e+03
1.729196126806323946e+03
1.727806755116710292e+03
1.726409785734298111e+03
1.725005391975357725e+03
1.723593744188957999e+03
1.722175009809845278e+03
1.720749353410310732e+03
1.719316936751045660e+03
1.717877918831023635e+03
1.716432455936422684e+03
1.714980701688599083e+03
1.713522807091157574e+03
1.712058920576099808e+03
1.710589188049108770e+03
1.709113752933959859e+03
1.707632756216089319e+03
1.706146336485330039e+03
1.704654629977844706e+03
1.703157770617252936e+03
1.701655890054989868e+03
1.700149117709898746e+03
1.698637580807076120e+03
1.697121404415988536e+03
1.695600711487870058e+03
1.694075622892417186e+03
1.692546257453805765e+03
1.691012731986020981e+03
1.689475161327536171e+03
1.687933658375343384e+03
1.686388334118354805e+03
1.684839297670173437e+03
1.683286656301265793e+03
1.681730515470539103e+03
1.680170978856323018e+03
1.678608148386798575e+03
1.677042124269846454e+03
1.675473005022362031e+03
1.673900887499024066e+03
1.672325866920538147e+03
1.670748036901361729e+03
1.669167489476923947e+03
1.667584315130352934e+03
1.665998602818703375e+03
1.664410439998722950e+03
1.662819912652142875e+03
1.661227105310506431e+03
1.659632101079555241e+03
1.658034981663174449e+03
1.656435827386899518e+03
1.654834717221003757e+03
1.653231728803176111e+03
1.651626938460778547e+03
1.650020421232716444e+03
1.648412250890913356e+03
1.646802499961399462e+03
1.645191239745027133e+03
1.643578540337816321e+03
1.641964470650939575e+03
1.640349098430346658e+03
1.638732490276046974e+03
1.637114711661052525e+03
1.635495826949974116e+03
1.633875899417305618e+03
1.632254991265369881e+03
1.630633163641962483e+03
1.629010476657678964e+03
1.627386989402934432e+03
1.625762759964693714e+03
1.624137845442901607e+03
1.622512301966633004e+03
1.620886184709949248e+03
1.619259547907498245e+03
1.617632444869819892e+03
1.616004927998407084e+03
1.614377048800487501e+03
1.612748857903564613e+03
1.611120405069700382e+03
1.609491739209545585e+03
1.607862908396142984e+03
1.606233959878479709e+03
1.604604940094812946e+03
1.602975894685763251e+03
1.601346868507193903e+03
1.599717905642850837e+03
1.598089049416808166e+03
1.596460342405683150e+03
1.594831826450656990e+03
1.593203542669281433e+03
1.591575531467089831e+03
1.589947832549008808e+03
1.588320484930583461e+03
1.586693526948997260e+03
1.585066996273922086e+03
1.583440929918179563e+03
1.581815364248218884e+03
1.580190334994422301e+03
1.578565877261238029e+03
1.576942025537140125e+03
1.575318813704425111e+03
1.573696275048842153e+03
1.572074442269063184e+03
1.570453347485992936e+03
1.568833022251932334e+03
1.567213497559573625e+03
1.565594803850865219e+03
1.563976971025712828e+03
1.562360028450545997e+03
1.560744004966740249e+03
1.559128928898901222e+03
1.557514828063006007e+03
1.555901729774421938e+03
1.554289660855781449e+03
1.552678647644735975e+03
1.551068716001577741e+03
1.549459891316736957e+03
1.547852198518159184e+03
1.546245662078561509e+03
1.544640306022564573e+03
1.543036153933717060e+03
1.541433228961399664e+03
1.539831553827618563e+03
1.538231150833687252e+03
1.536632041866802865e+03
1.535034248406513143e+03
1.533437791531079938e+03
1.531842691923738357e+03
1.530248969878859043e+03
1.528656645308003590e+03
1.527065737745890829e+03
1.525476266356262158e+03
1.523888249937652290e+03
1.522301706929070633e+03
1.520716655415587638e+03
1.519133113133835195e+03
1.517551097477417670e+03
1.515970625502235634e+03
1.514391713931725690e+03
1.512814379162017758e+03
1.511238637267008016e+03
1.509664504003352249e+03
1.508091994815381668e+03
1.506521124839935510e+03
1.504951908911122928e+03
1.503384361565011204e+03
1.501818497044225296e+03
1.500254329302498263e+03
1.498691872009127110e+03
1.497131138553373603e+03
1.495572142048787100e+03
1.494014895337467806e+03
1.492459410994252494e+03
1.490905701330844522e+03
1.489353778399874500e+03
1.487803653998894788e+03
1.486255339674318748e+03
1.484708846725292005e+03
1.483164186207505509e+03
1.481621368936951740e+03
1.480080405493617263e+03
1.478541306225121616e+03
1.477004081250300032e+03
1.475468740462729329e+03
1.473935293534197399e+03
1.472403749918119956e+03
1.470874118852910897e+03
1.469346409365287400e+03
1.467820630273537972e+03
