# h
# unit = 1.0/Mpc
2.259666177871075743e-04
2.270219963947712636e-04
2.280934554791651399e-04
2.291809761984521499e-04
2.302845367057660450e-04
2.314041122349759201e-04
2.325396751870241062e-04
2.336911952166824012e-04
2.348586393195776448e-04
2.360419719193405398e-04
2.372411549547403240e-04
2.384561479666676544e-04
2.396869081848382278e-04
2.409333906140937289e-04
2.421955481201804093e-04
2.434733315148944390e-04
2.447666896404881564e-04
2.460755694532355473e-04
2.473999161060640899e-04
2.487396730301641434e-04
2.500947820154935069e-04
2.514651832901013909e-04
2.528508155982004063e-04
2.542516162769237957e-04
2.556675213317059986e-04
2.570984655102367326e-04
2.585443823749372519e-04
2.600052043739183982e-04
2.614808629103823872e-04
2.629712884104346677e-04
2.644764103892793968e-04
2.659961575157749518e-04
2.675304576753299076e-04
2.690792380311264153e-04
2.706424250836585144e-04
2.722199447285808234e-04
2.738117223128619729e-04
2.754176826892465197e-04
2.770377502690245849e-04
2.786718490731201646e-04
2.803199027815041862e-04
2.819818347809466752e-04
2.836575682111210973e-04
2.853470260090784400e-04
2.870501309521098442e-04
2.887668056990187119e-04
2.904969728298247857e-04
2.922405548839241080e-04
2.939974743967313682e-04
2.957676539348309298e-04
2.975510161296645098e-04
2.993474837097852715e-04
3.011569795317077677e-04
3.029794266093849037e-04
3.048147481423423336e-04
3.066628675425039528e-04
3.085237084597391706e-04
3.103971948061647057e-04
3.122832507792357073e-04
3.141818008836556918e-04
3.160927699521425384e-04
3.180160831650795448e-04
3.199516660690879190e-04
3.218994445945505220e-04
3.238593450721220443e-04
3.258312942482560824e-04
3.278152192997815318e-04
3.298110478475606614e-04
3.318187079692594432e-04
3.338381282112601149e-04
3.358692375997478522e-04
3.379119656510010941e-04
3.399662423809119761e-04
3.420319983137705909e-04
3.441091644903362771e-04
3.461976724752258063e-04
3.482974543636459534e-04
3.504084427874948988e-04
3.525305709208587535e-04
3.546637724849291753e-04
3.568079817523650598e-04
3.589631335511230263e-04
3.611291632677783299e-04
3.633060068503610250e-04
3.654936008107260862e-04
3.676918822264819866e-04
3.699007887424939989e-04
3.721202585719876957e-04
3.743502304972645776e-04
3.765906438700568782e-04
3.788414386115316300e-04
3.811025552119667588e-04
3.833739347301135187e-04
3.856555187922625061e-04
3.879472495910277815e-04
3.902490698838660655e-04
3.925609229913431001e-04
3.948827527951636533e-04
3.972145037359762262e-04
3.995561208109689975e-04
4.019075495712638355e-04
4.042687361191268079e-04
4.066396271050025640e-04
4.090201697243835382e-04
4.114103117145281245e-04
4.138100013510340549e-04
4.162191874442785306e-04
4.186378193357349702e-04
4.210658468941745614e-04
4.235032205117602601e-04
4.259498911000450549e-04
4.284058100858761757e-04
4.308709294072196692e-04
4.333452015089075070e-04
4.358285793383165525e-04
4.383210163409843722e-04
4.408224664561694278e-04
4.433328841123611785e-04
4.458522242227449714e-04
4.483804421806294733e-04
4.509174938548364802e-04
4.534633355850658989e-04
4.560179241772330814e-04
4.585812168987875108e-04
4.611531714740143575e-04
4.637337460793249208e-04
4.663228993385386701e-04
4.689205903181600799e-04
4.715267785226541649e-04
4.741414238897241292e-04
4.767644867855938399e-04
4.793959280002974563e-04
4.820357087429793597e-04
4.846837906372073639e-04
4.873401357163007798e-04
4.900047064186759897e-04
4.926774655832113744e-04
4.953583764446330574e-04
4.980474026289256938e-04
5.007445081487664615e-04
5.034496573989860483e-04
5.061628151520586967e-04
5.088839465536196781e-04
5.116130171180163777e-04
5.143499927238889781e-04
5.170948396097845359e-04
5.198475243698057538e-04
5.226080139492956383e-04
5.253762756405559861e-04
5.281522770786033823e-04
5.309359862369631474e-04
5.337273714235012297e-04
5.365264012762935037e-04
5.393330447595362682e-04
5.421472711594933899e-04
5.449690500804873572e-04
5.477983514409275230e-04
5.506351454693797628e-04
5.534794027006780925e-04
5.563310939720768344e-04
5.591901904194438756e-04
5.620566634734958837e-04
5.649304848560751571e-04
5.678116265764668064e-04
5.707000609277610402e-04
5.735957604832525288e-04
5.764986980928848721e-04
5.794088468797356159e-04
5.823261802365430105e-04
5.852506718222736434e-04
5.881822955587321386e-04
5.911210256272107560e-04
5.940668364651823571e-04
5.970197027630317526e-04
5.999795994608280326e-04
6.029465017451391805e-04
6.059203850458843091e-04
6.089012250332277460e-04
6.118889976145112843e-04
6.148836789312263308e-04
6.178852453560253026e-04
6.208936734897718386e-04
6.239089401586287408e-04
6.269310224111840791e-04
6.299598975156164371e-04
6.329955429568958269e-04
6.360379364340226598e-04
6.390870558573026041e-04
6.421428793456593906e-04
6.452053852239822028e-04
6.482745520205097142e-04
6.513503584642476273e-04
6.544327834824237257e-04
6.575218061979756692e-04
6.606174059270740256e-04
6.637195621766769612e-04
6.668282546421220106e-04
6.699434632047470122e-04
6.730651679295467137e-04
6.761933490628596263e-04
6.793279870300874060e-04
6.824690624334468683e-04
6.856165560497505182e-04
6.887704488282212325e-04
6.919307218883336127e-04
6.950973565176888410e-04
6.982703341699155559e-04
7.014496364626034717e-04
7.046352451752637769e-04
7.078271422473175062e-04
7.110253097761145939e-04
7.142297300149765644e-04
7.174403853712717476e-04
7.206572584045122876e-04
7.238803318244823757e-04
7.271095884893882767e-04
7.303450114040389287e-04
7.335865837180479028e-04
7.368342887240635509e-04
7.400881098560226816e-04
7.433480306874287388e-04
7.466140349296544829e-04
7.498861064302683082e-04
7.531642291713848457e-04
7.564483872680374680e-04
7.597385649665738859e-04
7.630347466430763585e-04
7.663369168018003327e-04
7.696450600736378040e-04
7.729591612146025775e-04
7.762792051043336354e-04
7.796051767446238743e-04
7.829370612579646723e-04
7.862748438861159352e-04
7.896185099886903445e-04
7.929680450417643869e-04
7.963234346365014168e-04
7.996846644778006323e-04
8.030517203829592781e-04
8.064245882803585926e-04
8.098032542081630902e-04
8.131877043130428294e-04
8.165779248489090161e-04
8.199739021756713995e-04
8.233756227580090034e-04
8.267830731641614582e-04
8.301962400647337759e-04
8.336151102315209668e-04
8.370396705363457746e-04
8.404699079499152771e-04
8.439058095406914723e-04
8.473473624737781285e-04
8.507945540098227040e-04
8.542473715039346389e-04
8.577058024046153558e-04
8.611698342527068003e-04
8.646394546803524506e-04
8.681146514099727460e-04
8.715954122532536350e-04
8.750817251101507353e-04
8.785735779679069383e-04
8.820709589000816147e-04
8.855738560655945649e-04
8.890822577077824376e-04
8.925961521534682679e-04
8.961155278120435915e-04
8.996403731745625937e-04
9.031706768128486187e-04
9.067064273786137971e-04
9.102476136025879983e-04
9.137942242936638280e-04
9.173462483380461809e-04
9.209036746984224997e-04
9.244664924131353132e-04
9.280346905953719026e-04
9.316082584323599324e-04
9.351871851845806449e-04
9.387714601849831385e-04
9.423610728382189215e-04
9.459560126198795008e-04
9.495562690757458971e-04
9.531618318210507371e-04
9.567726905397465256e-04
9.603888349837863851e-04
9.640102549724114105e-04
9.676369403914508163e-04
9.712688811926270711e-04
9.749060673928750193e-04
9.785484890736653382e-04
9.821961363803398144e-04
9.858489995214537744e-04
9.895070687681282746e-04
9.931703344534090119e-04
9.968387869716353183e-04
1.000512416777816094e-03
1.004191214387014416e-03
1.007875170373738862e-03
1.011564275371346121e-03
1.015258520071446414e-03
1.018957895223319109e-03
1.022662391633337008e-03
1.026372000164395629e-03
1.030086711735350496e-03
1.033806517320462904e-03
1.037531407948850222e-03
1.041261374703945095e-03
1.044996408722961368e-03
1.048736501196366076e-03
1.052481643367356862e-03
1.056231826531350664e-03
1.059987042035472407e-03
1.063747281278054103e-03
1.067512535708141103e-03
1.071282796824999002e-03
1.075058056177634423e-03
1.078838305364315147e-03
1.082623536032100006e-03
1.086413739876372240e-03
1.090208908640381315e-03
1.094009034114787338e-03
1.097814108137213935e-03
1.101624122591802427e-03
1.105439069408777931e-03
1.109258940564014162e-03
1.113083728078608859e-03
1.116913424018458560e-03
1.120748020493846390e-03
1.124587509659026163e-03
1.128431883711818401e-03
1.132281134893207888e-03
1.136135255486945975e-03
1.139994237819159191e-03
1.143858074257961309e-03
1.147726757213071496e-03
1.151600279135434838e-03
1.155478632516848724e-03
1.159361809889595087e-03
1.163249803826073509e-03
1.167142606938439747e-03
1.171040211878253802e-03
1.174942611336122784e-03
1.178849798041355697e-03
1.182761764761619105e-03
1.186678504302596249e-03
1.190600009507652469e-03
1.194526273257502137e-03
1.198457288469879489e-03
1.202393048099218136e-03
1.206333545136325592e-03
1.210278772608069497e-03
1.214228723577064073e-03
1.218183391141359389e-03
1.222142768434135831e-03
1.226106848623401396e-03
1.230075624911693751e-03
1.234049090535781646e-03
1.238027238766375646e-03
1.242010062907837348e-03
1.245997556297894458e-03
1.249989712307357590e-03
1.253986524339842281e-03
1.257987985831489483e-03
1.261994090250698631e-03
1.266004831097848789e-03
1.270020201905040823e-03
1.274040196235827222e-03
1.278064807684952536e-03
1.282094029878097724e-03
1.286127856471621029e-03
1.290166281152307090e-03
1.294209297637118018e-03
1.298256899672945103e-03
1.302309081036366395e-03
1.306365835533401017e-03
1.310427156999276936e-03
1.314493039298187445e-03
1.318563476323063050e-03
1.322638461995336630e-03
1.326717990264716625e-03
1.330802055108960434e-03
1.334890650533649336e-03
1.338983770571969918e-03
1.343081409284491374e-03
1.347183560758951704e-03
1.351290219110042609e-03
1.355401378479197637e-03
1.359517033034381627e-03
1.363637176969883635e-03
1.367761804506109841e-03
1.371890909889385800e-03
1.376024487391747835e-03
1.380162531310749185e-03
1.384305035969262895e-03
1.388451995715283627e-03
1.392603404921740739e-03
1.396759257986300530e-03
1.400919549331182574e-03
1.405084273402971940e-03
1.409253424672432487e-03
1.413426997634325373e-03
1.417604986807229506e-03
