# mu
-inf
3.324633719935408749e+01
3.476780139134734782e+01
3.566433223677100273e+01
3.630486543762933138e+01
3.680502450630323352e+01
3.721631363500212331e+01
3.756620868004128511e+01
3.787111191196505189e+01
3.814160452460037476e+01
3.838491248907026687e+01
3.860619085344013257e+01
3.880924684966520033e+01
3.899697256563722192e+01
3.917161681581919197e+01
3.933496298900524124e+01
3.948844938158629958e+01
3.963325298665056806e+01
3.977034929767947347e+01
3.990055592195561474e+01
4.002456499445263205e+01
4.014296767549438982e+01
4.025627294462371708e+01
4.036492221371869960e+01
4.046930082807271134e+01
4.056974721840762044e+01
4.066656025709623634e+01
4.076000522556094552e+01
4.085031869611914601e+01
4.093771255698865730e+01
4.102237735484857239e+01
4.110448508929346190e+01
4.118419156364394951e+01
4.126163837406094359e+01
4.133695460177682435e+01
4.141025826009803978e+01
4.148165753764283181e+01
4.155125187132128417e+01
4.161913287630744662e+01
4.168538515529650113e+01
4.175008700538735695e+01
4.181331103776025060e+01
4.187512472275884079e+01
4.193559087090917359e+01
4.199476805871205443e+01
4.205271100665530071e+01
4.210947091574630008e+01
4.216509576791646907e+01
4.221963059486076020e+01
4.227311771921615957e+01
4.232559697143146593e+01
4.237710588521539989e+01
4.242767987405802899e+01
4.247735239098756921e+01
4.252615507344176393e+01
4.257411787489172639e+01
4.262126918464950620e+01
4.266763593711319658e+01
4.271324371155105126e+01
4.275811682339393371e+01
4.280227840789167715e+01
4.284575049688980641e+01
4.288855408939700453e+01
4.293070921653864502e+01
4.297223500142614228e+01
4.301314971441425428e+01
4.305347082416825799e+01
4.309321504491822452e+01
4.313239838023882555e+01
4.317103616365821495e+01
4.320914309636928863e+01
4.324673328228921321e+01
4.328382026068925370e+01
4.332041703659541554e+01
4.335653610914133793e+01
4.339218949803780134e+01
4.342738876830819805e+01
4.346214505342524603e+01
4.349646907697247400e+01
4.353037117294268654e+01
4.356386130477584118e+01
4.359694908322997975e+01
4.362964378317055036e+01
4.366195435935663482e+01
4.369388946129552664e+01
4.372545744723169037e+01
4.375666639733029228e+01
4.378752412611103750e+01
4.381803819418320245e+01
4.384821591932906415e+01
4.387806438697909073e+01
4.390759046011883271e+01
4.393680078866461258e+01
4.396570181834215418e+01
4.399429979909973554e+01
4.402260079308529583e+01
4.405061068221448295e+01
4.407833517535497236e+01
4.410577981515041301e+01
4.413294998450567164e+01
4.415985091275362606e+01
4.418648768152240791e+01
4.421286523032038929e+01
4.423898836185549754e+01
4.426486174710387189e+01
4.429048993014218638e+01
4.431587733275690510e+01
4.434102825884278332e+01
4.436594689860233132e+01
4.439063733255709110e+01
4.441510353538070888e+01
4.443934937956362319e+01
4.446337863891802300e+01
4.448719499193165916e+01
4.451080202497827543e+01
4.453420323539199899e+01
4.455740203441283143e+01
4.458040175000952843e+01
4.460320562958615653e+01
4.462581684257811787e+01
4.464823848294301456e+01
4.467047357155155396e+01
4.469252505848324120e+01
4.471439582523164802e+01
4.473608868682320860e+01
4.475760639385401163e+01
4.477895163444812709e+01
4.480012703614126934e+01
4.482113516769319261e+01
4.484197854083201662e+01
4.486265961193369378e+01
4.488318078363940344e+01
4.490354440641366551e+01
4.492375278004588068e+01
4.494380815509767046e+01
4.496371273429843995e+01
4.498346867389130210e+01
4.500307808493172246e+01
4.502254303454056128e+01
4.504186554711374413e+01
4.506104760549013122e+01
4.508009115207954665e+01
4.509899808995245252e+01
4.511777028389282407e+01
4.513640956141588845e+01
4.515491771375198482e+01
4.517329649679793135e+01
4.519154763203729175e+01
4.520967280743061423e+01
4.522767367827697171e+01
4.524555186804776241e+01
4.526330896919405689e+01
4.528094654392823060e+01
4.529846612498113245e+01
4.531586921633554255e+01
4.533315729393689253e+01
4.535033180638199468e+01
4.536739417558678156e+01
4.538434579743365305e+01
4.540118804239924089e+01
4.541792225616333667e+01
4.543454976019961578e+01
4.545107185234881797e+01
4.546748980737507395e+01
4.548380487750586809e+01
4.550001829295626976e+01
4.551613126243803009e+01
4.553214497365401314e+01
4.554806059377843042e+01
4.556387926992347559e+01
4.557960212959273605e+01
4.559523028112188570e+01
4.561076481410702854e+01
4.562620679982114780e+01
4.564155729161908681e+01
4.565681732533136028e+01
4.567198791964722915e+01
4.568707007648740159e+01
4.570206478136659456e+01
4.571697300374642481e+01
4.573179569737885686e+01
4.574653380064052755e+01
4.576118823685819592e+01
4.577575991462572347e+01
4.579024972811269834e+01
4.580465855736508729e+01
4.581898726859805038e+01
4.583323671448130199e+01
4.584740773441711070e+01
4.586150115481124345e+01
4.587551778933703872e+01
4.588945843919287881e+01
4.590332389335308960e+01
4.591711492881273671e+01
4.593083231082622575e+01
4.594447679314004063e+01
4.595804911821984717e+01
4.597155001747189118e+01
4.598498021145917392e+01
4.599834041011227015e+01
4.601163131293513686e+01
4.602485360920597657e+01
4.603800797817329027e+01
4.605109508924728345e+01
4.606411560218676016e+01
4.607707016728161875e+01
4.608995942553107739e+01
4.610278400881770722e+01
4.611554454007753634e+01
4.612824163346608941e+01
4.614087589452068983e+01
4.615344792031906707e+01
4.616595829963433317e+01
4.617840761308639941e+01
4.619079643329004625e+01
4.620312532499961833e+01
4.621539484525054320e+01
4.622760554349760298e+01
4.623975796175027853e+01
4.625185263470493879e+01
4.626389008987428042e+01
4.627587084771384696e+01
4.628779542174582673e+01
4.629966431868012933e+01
4.631147803853293254e+01
4.632323707474253638e+01
4.633494191428290065e+01
4.634659303777465311e+01
4.635819091959375271e+01
4.636973602680616580e+01
4.638122882392186597e+01
4.639266976607665782e+01
4.640405930370962295e+01
4.641539788152525858e+01
4.642668593858921611e+01
4.643792390842206430e+01
4.644911221909111987e+01
4.646025129330038794e+01
4.647134154847869070e+01
4.648238339686596987e+01
4.649337724559793372e+01
4.650432349678886368e+01
4.651522254761286490e+01
4.652607479038348970e+01
4.653688061263167697e+01
4.654764039718230606e+01
4.655835452222906667e+01
4.656902336140801424e+01
4.657964728386954079e+01
4.659022665434906685e+01
4.660076183323624832e+01
4.661125317664293988e+01
4.662170103646978703e+01
4.663210576047153211e+01
4.664246769232110523e+01
4.665278717167248601e+01
4.666306453422235734e+01
4.667330011177055127e+01
4.668349423227945039e+01
4.669364721993220257e+01
4.670375939518983444e+01
4.671383107484736286e+01
4.672386257208877680e+01
4.673385419654109540e+01
4.674380625432733893e+01
4.675371904811859736e+01
4.676359287718508995e+01
4.677342803744630828e+01
4.678322482152026396e+01
4.679298351877186235e+01
4.680270441536026738e+01
4.681238779428563390e+01
4.682203393543481695e+01
4.683164311562633486e+01
4.684121560865452949e+01
4.685075168533293066e+01
4.686025161353687452e+01
4.686971565824531893e+01
4.687914408158199819e+01
4.688853714285579599e+01
4.689789509860041505e+01
4.690721820261340724e+01
4.691650670599445760e+01
4.692576085718307866e+01
4.693498090199557282e+01
4.694416708366147617e+01
4.695331964285919923e+01
4.696243881775128415e+01
4.697152484401884465e+01
4.698057795489558686e+01
4.698959838120116217e+01
4.699858635137400142e+01
4.700754209150356644e+01
4.701646582536207575e+01
4.702535777443573295e+01
4.703421815795538663e+01
4.704304719292667869e+01
4.705184509415975214e+01
4.706061207429843307e+01
4.706934834384890820e+01
4.707805411120799022e+01
4.708672958269087871e+01
4.709537496255845213e+01
4.710399045304422572e+01
4.711257625438071273e+01
4.712113256482547996e+01
4.712965958068677708e+01
4.713815749634866847e+01
4.714662650429585256e+01
4.715506679513806887e+01
4.716347855763408603e+01
4.717186197871534148e+01
4.718021724350916202e+01
4.718854453536172144e+01
4.719684403586050081e+01
4.720511592485649999e+01
4.721336038048605843e+01
4.722157757919238463e+01
4.722976769574665923e+01
4.723793090326891786e+01
4.724606737324851480e+01
4.725417727556438052e+01
4.726226077850486718e+01
4.727031804878734533e+01
4.727834925157749524e+01
4.728635455050829961e+01
4.729433410769874513e+01
4.730228808377226812e+01
4.731021663787487341e+01
4.731811992769301867e+01
4.732599810947124297e+01
4.733385133802948985e+01
4.734167976678021006e+01
4.734948354774517298e+01
4.735726283157210048e+01
4.736501776755093118e+01
4.737274850363001377e+01
4.738045518643190235e+01
4.738813796126899547e+01
4.739579697215900467e+01
4.740343236184003217e+01
4.741104427178563441e+01
4.741863284221950892e+01
4.742619821213003206e+01
4.743374051928457646e+01
4.744125990024368633e+01
4.744875649037489751e+01
4.745623042386655044e+01
4.746368183374124783e+01
4.747111085186920576e+01
4.747851760898140583e+01
4.748590223468254123e+01
4.749326485746379944e+01
4.750060560471545301e+01
4.750792460273927276e+01
4.751522197676078463e+01
4.752249785094134893e+01
4.752975234839004770e+01
4.753698559117545130e+01
4.754419770033720027e+01
4.755138879589739531e+01
4.755855899687188781e+01
4.756570842128140697e+01
4.757283718616247370e+01
4.757994540757826485e+01
4.758703320062921449e+01
4.759410067946359391e+01
4.760114795728783577e+01
4.760817514637680858e+01
4.761518235808389932e+01
4.762216970285096806e+01
4.762913729021819620e+01
4.763608522883377105e+01
4.764301362646347116e+01
4.764992259000008801e+01
4.765681222547274842e+01
4.766368263805614447e+01
4.767053393207955025e+01
4.767736621103580319e+01
4.768417957759017156e+01
4.769097413358900894e+01
4.769774998006842281e+01
4.770450721726273713e+01
4.771124594461289803e+01
4.771796626077470904e+01
4.772466826362706627e+01
4.773135205027998040e+01
4.773801771708252772e+01
4.774466535963074421e+01
4.775129507277535623e+01
4.775790695062947577e+01
4.776450108657610372e+01
4.777107757327564741e+01
4.777763650267328899e+01
4.778417796600621870e+01
4.779070205381088954e+01
4.779720885593005875e+01
4.780369846151981505e+01
4.781017095905649228e+01
4.781662643634352605e+01
4.782306498051818267e+01
