# k_h
1.000000000000000861e-04
1.013222148521426044e-04
1.026619122254373716e-04
1.040193232763756071e-04
1.053946822178337804e-04
1.067882263594863797e-04
1.082001961487510781e-04
1.096308352122771798e-04
1.110803903979817918e-04
1.125491118176417845e-04
1.140372528900491177e-04
1.155450703847366598e-04
1.170728244662819548e-04
1.186207787391978680e-04
1.201892002934146366e-04
1.217783597503654686e-04
1.233885313096803253e-04
1.250199927964974408e-04
1.266730257094002103e-04
1.283479152689879696e-04
1.300449504670898296e-04
1.317644241166270524e-04
1.335066329021371441e-04
1.352718774309645685e-04
1.370604622851287892e-04
1.388726960738779343e-04
1.407088914869374888e-04
1.425693653484626071e-04
1.444544386717052937e-04
1.463644367144016579e-04
1.482996890348942023e-04
1.502605295489947300e-04
1.522472965875994991e-04
1.542603329550662180e-04
1.562999859883622885e-04
1.583666076169970897e-04
1.604605544237432623e-04
1.625821877061642067e-04
1.647318735389533223e-04
1.669099828370979727e-04
1.691168914198785847e-04
1.713529800757139401e-04
1.736186346278635292e-04
1.759142460010001659e-04
1.782402102886598860e-04
1.805969288215865821e-04
1.829848082369788312e-04
1.854042605486526558e-04
1.878557032181316035e-04
1.903395592266784824e-04
1.928562571482762085e-04
1.954062312235768715e-04
1.979899214348269357e-04
2.006077735817835093e-04
2.032602393586342606e-04
2.059477764319345323e-04
2.086708485195744474e-04
2.114299254707920539e-04
2.142254833472406934e-04
2.170580045051319796e-04
2.199279776784629785e-04
2.228358980633442883e-04
2.257822674034429494e-04
2.287675940765549853e-04
2.317923931823242698e-04
2.348571866311175338e-04
2.379625032340781975e-04
2.411088787943692748e-04
2.442968561996227230e-04
2.475269855156113667e-04
2.507998240811593863e-04
2.541159366043073105e-04
2.574758952597505125e-04
2.608802797875618348e-04
2.643296775932238766e-04
2.678246838489818931e-04
2.713659015965368235e-04
2.749539418510966613e-04
2.785894237068026473e-04
2.822729744435522399e-04
2.860052296352292721e-04
2.897868332593705673e-04
2.936184378082794233e-04
2.975007044016092744e-04
3.014343029004359627e-04
3.054199120228377556e-04
3.094582194610037630e-04
3.135499219998928722e-04
3.176957256374566977e-04
3.218963457064570686e-04
3.261525069978918204e-04
3.304649438860530705e-04
3.348344004552389016e-04
3.392616306281400840e-04
3.437473982959261755e-04
3.482924774500480766e-04
3.528976523157877228e-04
3.575637174875692811e-04
3.622914780660628021e-04
3.670817497970986000e-04
3.719353592124203839e-04
3.768531437722966041e-04
3.818359520100195561e-04
3.868846436783157715e-04
3.920000898976890523e-04
3.971831733067282977e-04
4.024347882144007748e-04
4.077558407543594582e-04
4.131472490412921392e-04
4.186099433293339342e-04
4.241448661725797297e-04
4.297529725877135328e-04
4.354352302187921848e-04
4.411926195042059910e-04
4.470261338458467854e-04
4.529367797805149815e-04
4.589255771535889739e-04
4.649935592949940239e-04
4.711417731974985477e-04
4.773712796973633948e-04
4.836831536573847189e-04
4.900784841523534276e-04
4.965583746569707290e-04
5.031239432362426527e-04
5.097763227383968589e-04
5.165166609903498697e-04
5.233461209957548108e-04
5.302658811356723801e-04
5.372771353718925821e-04
5.443810934529450668e-04
5.515789811228356950e-04
5.588720403325376281e-04
5.662615294542862722e-04
5.737487234987001961e-04
5.813349143347781118e-04
5.890214109128023845e-04
5.968095394901902712e-04
6.047006438603328956e-04
6.126960855844555687e-04
6.207972442265484621e-04
6.290055175914033032e-04
6.373223219657927390e-04
6.457490923628438680e-04
6.542872827696403094e-04
6.629383663981000801e-04
6.717038359391666862e-04
6.805852038203647099e-04
6.895840024667618511e-04
6.987017845653761307e-04
7.079401233330843068e-04
7.173006127880703206e-04
7.267848680248627756e-04
7.363945254930118678e-04
7.461312432794441453e-04
7.559967013945604773e-04
7.659926020621068282e-04
7.761206700128848437e-04
7.863826527823431205e-04
7.967803210121034803e-04
8.073154687554735288e-04
8.179899137870023148e-04
8.288054979161210440e-04
8.397640873049417101e-04
8.508675727902465999e-04
8.621178702097437004e-04
8.735169207326315931e-04
8.850666911945362847e-04
8.967691744368759196e-04
9.086263896507160414e-04
9.206403827251632152e-04
9.328132266003770273e-04
9.451470216252368887e-04
9.576438959197483211e-04
9.703060057422353444e-04
9.831355358613891142e-04
9.961346999332392708e-04
1.009305740883100801e-03
1.022650931292584013e-03
1.036172573791708292e-03
1.049873001456209497e-03
1.063754578210097945e-03
1.077819699233536783e-03
1.092070791376120341e-03
1.106510313575604504e-03
1.121140757282189935e-03
1.135964646888397824e-03
1.150984540164644429e-03
1.166203028700565567e-03
1.181622738352180188e-03
1.197246329694964589e-03
1.213076498482922472e-03
1.229115976113712887e-03
1.245367530099944888e-03
1.261833964546686627e-03
1.278518120635301417e-03
1.295422877113674726e-03
1.312551150792922328e-03
1.329905897050673693e-03
1.347490110340995471e-03
1.365306824711075631e-03
1.383359114324720718e-03
1.401650093992789191e-03
1.420182919710631306e-03
1.438960789202635079e-03
1.457986942473979376e-03
1.477264662369667412e-03
1.496797275140972086e-03
1.516588151019350374e-03
1.536640704797961670e-03
1.556958396420867700e-03
1.577544731580024159e-03
1.598403262320165566e-03
1.619537587651693035e-03
1.640951354171652811e-03
1.662648256692943888e-03
1.684632038881826504e-03
1.706906493903873100e-03
1.729475465078455197e-03
1.752342846541881565e-03
1.775512583919315168e-03
1.798988675005553902e-03
1.822775170454839049e-03
1.846876174479758883e-03
1.871295845559411584e-03
1.896038397156923948e-03
1.921108098446457513e-03
1.946509275049827228e-03
1.972246309782865574e-03
1.998323643411647511e-03
2.024745775418711549e-03
2.051517264779425479e-03
2.078642730748606927e-03
2.106126853657545525e-03
2.133974375721565259e-03
2.162190101858271415e-03
2.190778900516594449e-03
2.219745704516829388e-03
2.249095511901746253e-03
2.278833386798981807e-03
2.308964460294819776e-03
2.339493931319528222e-03
2.370427067544407605e-03
2.401769206290683533e-03
2.433525755450444139e-03
2.465702194419723114e-03
2.498304075043944385e-03
2.531337022575856806e-03
2.564806736646136655e-03
2.598718992246821461e-03
2.633079640727754682e-03
2.667894610806197369e-03
2.703169909589786361e-03
2.738911623613029828e-03
2.775125919887498887e-03
2.811819046965907849e-03
2.848997336020260476e-03
2.886667201934264761e-03
2.924835144410163276e-03
2.963507749090238397e-03
3.002691688693103454e-03
3.042393724165052583e-03
3.082620705846614122e-03
3.123379574654535674e-03
3.164677363279403376e-03
3.206521197399072719e-03
3.248918296908181146e-03
3.291875977163876386e-03
3.335401650248048539e-03
3.379502826246234565e-03
3.424187114543438080e-03
3.469462225137078231e-03
3.515335969967311406e-03
3.561816264264926982e-03
3.608911127917065198e-03
3.656628686851008669e-03
3.704977174436256161e-03
3.753964932905141851e-03
3.803600414792232109e-03
3.853892184392768670e-03
3.904848919240365944e-03
3.956479411604287705e-03
4.008792570006480122e-03
4.061797420758691581e-03
4.115503109519903953e-03
4.169918902874359366e-03
4.225054189930461772e-03
4.280918483940788360e-03
4.337521423943567316e-03
4.394872776425811853e-03
4.452982437008481779e-03
4.511860432153905892e-03
4.571516920895785270e-03
4.631962196592073235e-03
4.693206688701035550e-03
4.755260964580786641e-03
4.818135731312608860e-03
4.881841837548408711e-03
4.946390275382580616e-03
5.011792182248621733e-03
5.078058842840825655e-03
5.145201691061402835e-03
5.213232311993300054e-03
5.282162443899167392e-03
5.352003980246695589e-03
5.422768971760775700e-03
5.494469628502767281e-03
5.567118321977290556e-03
5.640727587266821004e-03
5.715310125194562538e-03
5.790878804515883771e-03
5.867446664138765804e-03
5.945026915373548618e-03
6.023632944212486962e-03
6.103278313639413227e-03
6.183976765969947074e-03
6.265742225222637775e-03
6.348588799521495511e-03
6.432530783530224748e-03
6.517582660918694835e-03
6.603759106862026017e-03
6.691074990572669010e-03
6.779545377866014189e-03
6.869185533759892930e-03
6.960010925108490662e-03
7.052037223271016841e-03
7.145280306815724250e-03
7.239756264259648855e-03
7.335481396844607122e-03
7.432472221349837628e-03
7.530745472941884587e-03
7.630318108062171707e-03
7.731207307352688796e-03
7.833430478620432083e-03
7.937005259841003330e-03
8.041949522201953179e-03
8.148281373186310253e-03
8.256019159696941292e-03
8.365181471222178644e-03
8.475787143043349986e-03
8.587855259484654391e-03
8.701405157206054328e-03
8.816456428539726567e-03
8.933028924870552515e-03
9.051142760061376552e-03
9.170818313923521578e-03
9.292076235733222681e-03
9.414937447794492417e-03
9.539423149049158432e-03
9.665554818734597292e-03
9.793354220089882725e-03
9.922843404110835708e-03
1.005404471335482296e-02
1.018698078579585026e-02
1.032167455873054564e-02
1.045814927273589628e-02
1.059642847567923360e-02
1.073653602678132334e-02
1.087849610073305696e-02
1.102233319186669315e-02
1.116807211838217670e-02
1.131573802662941275e-02
1.146535639544704437e-02
1.161695304055870501e-02
1.177055411902739289e-02
1.192618613376864554e-02
1.208387593812349468e-02
1.224365074049182760e-02
1.240553810902706583e-02
1.256956597639282032e-02
1.273576264458253782e-02
1.290415678980281339e-02
1.307477746742134218e-02
1.324765411698016968e-02
1.342281656727533842e-02
1.360029504150369814e-02
1.378012016247765967e-02
1.396232295790902390e-02
1.414693486576258825e-02
1.433398773968062694e-02
1.452351385447897027e-02
1.471554591171586601e-02
1.491011704533441035e-02
1.510726082737965346e-02
1.530701127379117434e-02
1.550940285027235452e-02
1.571447047823727045e-02
1.592224954083607327e-02
1.613277588906019896e-02
1.634608584792820313e-02
1.656221622275347305e-02
1.678120430549467565e-02
1.700308788119030481e-02
1.722790523447823019e-02
1.745569515620153805e-02
1.768649695010155593e-02
1.792035043959951460e-02
1.815729597466788497e-02
1.839737443879241666e-02
1.864062725602639789e-02
1.888709639813808752e-02
1.913682439185274142e-02
1.938985432619024993e-02
1.964622985989993367e-02
1.990599522899356641e-02
2.016919525437809932e-02
2.043587534958911031e-02
2.070608152862668874e-02
2.097986041389492476e-02
2.125725924424621063e-02
2.153832588313207147e-02
2.182310882686167713e-02
2.211165721296966605e-02
2.240402082869438760e-02
2.270025011956848873e-02
2.300039619812289937e-02
2.330451085270610068e-02
2.361264655641974117e-02
2.392485647617261998e-02
2.424119448185435219e-02
2.456171515563018021e-02
2.488647380135886045e-02
2.521552645413495733e-02
2.554892988995745295e-02
2.588674163552594915e-02
2.622901997816663028e-02
2.657582397588935039e-02
2.692721346757780826e-02
2.728324908331423992e-02
2.764399225484083164e-02
2.800950522615945973e-02
2.837985106427137402e-02
2.875509367005909395e-02
2.913529778931207848e-02
2.952052902389831063e-02
2.991085384308333345e-02
3.030633959499921815e-02
3.070705451826501522e-02
3.111306775376101313e-02
3.152444935655840386e-02
3.194127030800693323e-02
3.236360252798238524e-02
3.279151888729573555e-02
3.322509322026667711e-02
3.366440033746320726e-02
3.410951603860985781e-02
3.456051712566628881e-02
3.501748141607909787e-02
3.548048775620871176e-02
3.594961603493390667e-02
3.642494719743600423e-02
3.690656325916556735e-02
3.739454731999359433e-02
3.788898357855000759e-02
3.838995734675142851e-02
3.889755506452131917e-02
3.941186431470472540e-02
3.993297383818000812e-02
4.046097354917060213e-02
4.099595455075915468e-02
4.153800915060688187e-02
4.208723087688052283e-02
4.264371449439013917e-02
4.320755602094017434e-02
4.377885274389684001e-02
4.435770323697424411e-02
4.494420737724277165e-02
4.553846636236240364e-02
4.614058272804348604e-02
4.675066036573877204e-02
4.736880454056922873e-02
4.799512190948699436e-02
4.862972053967812985e-02
4.927270992720914761e-02
4.992420101591975995e-02
5.058430621656573312e-02
5.125313942621440716e-02
5.193081604789707983e-02
5.261745301052117574e-02
5.331316878904539258e-02
5.401808342492195325e-02
5.473231854680895431e-02
5.545599739155680774e-02
5.618924482547173888e-02
5.693218736586083684e-02
5.768495320286180089e-02
5.844767222156149050e-02
5.922047602440654729e-02
6.000349795391068941e-02
6.079687311566232821e-02
6.160073840163584474e-02
6.241523251381173032e-02
6.324049598810857487e-02
6.407667121863193371e-02
6.492390248224320926e-02
6.578233596345393897e-02
6.665211977964895229e-02
6.753340400664328835e-02
6.842634070457652429e-02
6.933108394415000986e-02
7.024778983321094961e-02
7.117661654368752366e-02
7.211772433888068157e-02
7.307127560111648101e-02
7.403743485976442551e-02
7.501636881962556180e-02
7.600824638969665148e-02
7.701323871231423313e-02
7.803151919268441761e-02
7.906326352880251040e-02
8.010864974176884479e-02
8.116785820650533612e-02
8.224107168287771163e-02
8.332847534722988281e-02
8.443025682433479007e-02
8.554660621976821477e-02
8.667771615270986052e-02
8.782378178917890632e-02
8.898500087570858363e-02
9.016157377346634139e-02
9.135370349282453950e-02
9.256159572838880412e-02
9.378545889448966499e-02
9.502550416114260989e-02
9.628194549048453565e-02
9.755499967369139769e-02
9.884488636838451026e-02
1.001518281365306740e-01
1.014760504828441240e-01
1.028177818936958227e-01
1.041772538765377704e-01
1.055547009998475533e-01
1.069503609336020650e-01
1.083644744902861612e-01
1.097972856664429092e-01
1.112490416847739527e-01
1.127199930367961400e-01
1.142103935260626590e-01
1.157205003119546605e-01
1.172505739540529446e-01
1.188008784570956655e-01
1.203716813165311428e-01
1.219632535646719695e-01
1.235758698174601738e-01
1.252098083218509128e-01
1.268653510038215970e-01
1.285427835170168676e-01
1.302423952920361283e-01
1.319644795863735842e-01
1.337093335350171830e-01
1.354772582017179372e-01
1.372685586309363992e-01
1.390835439004765861e-01
1.409225271748148212e-01
1.427858257591346491e-01
1.446737611540762636e-01
1.465866591112086337e-01
1.485248496892365433e-01
1.504886673109498141e-01
1.524784508209265366e-01
1.544945435439976367e-01
1.565372933444861281e-01
1.586070526862286834e-01
1.607041786933914862e-01
1.628290332120891359e-01
1.649819828728192883e-01
1.671633991537229136e-01
1.693736584446796922e-01
1.716131421122523704e-01
1.738822365654888458e-01
1.761813333225953071e-01
1.785108290784893637e-01
1.808711257732478761e-01
1.832626306614589529e-01
1.856857563824918234e-01
1.881409210316943026e-01
1.906285482325328906e-01
1.931490672096870809e-01
1.957029128631082859e-01
1.982905258430598117e-01
2.009123526261480386e-01
2.035688455923599094e-01
2.062604631031171309e-01
2.089876695803644657e-01
2.117509355867023546e-01
2.145507379065804410e-01
2.173875596285625988e-01
2.202618902286814229e-01
2.231742256548948644e-01
2.261250684126579202e-01
2.291149276516274980e-01
2.321443192535126709e-01
2.352137659210877252e-01
2.383237972683800443e-01
2.414749499120525666e-01
2.446677675639931937e-01
2.479028011251298291e-01
2.511806087804835941e-01
2.545017560954808689e-01
2.578668161135388437e-01
2.612763694549390392e-01
2.647310044170109733e-01
2.682313170756385201e-01
2.717779113881100272e-01
2.753713992973263469e-01
2.790124008373882636e-01
2.827015442405793055e-01
2.864394660457644792e-01
2.902268112082193041e-01
2.940642332109136836e-01
2.979523941772673767e-01
3.018919649853931131e-01
3.058836253838548291e-01
3.099280641089521282e-01
3.140259790035584420e-01
3.181780771375293804e-01
3.223850749297032525e-01
3.266476982715145194e-01
3.309666826522421612e-01
3.353427732859128318e-01
3.397767252398857796e-01
3.442693035651309685e-01
3.488212834282367059e-01
3.534334502451589866e-01
3.581065998167401454e-01
3.628415384660196308e-01
3.676390831773597156e-01
3.725000617374112921e-01
3.774253128779433974e-01
3.824156864205608408e-01
3.874720434233355770e-01
3.925952563293789721e-01
3.977862091173729464e-01
4.030457974540975208e-01
4.083749288489718077e-01
4.137745228106393114e-01
4.192455110056233503e-01
4.247888374190796901e-01
4.304054585176782521e-01
4.360963434146310491e-01
4.418624740369097026e-01
4.477048452946700841e-01
4.536244652529178301e-01
4.596223553054439304e-01
4.656995503510588663e-01
4.718570989721614373e-01
4.780960636156601495e-01
4.844175207762950741e-01
4.908225611823797685e-01
4.973122899839994560e-01
5.038878269436979362e-01
5.105503066296855907e-01
5.173008786116015667e-01
5.241407076588677771e-01
5.310709739416581421e-01
5.380928732345326981e-01
5.452076171227600021e-01
5.524164332113693510e-01
5.597205653369660139e-01
5.671212737823463357e-01
5.746198354939563435e-01
5.822175443022142849e-01
5.899157111447574930e-01
5.977156642926355623e-01
6.056187495794950193e-01
6.136263306337949031e-01
6.217397891140908905e-01
6.299605249474369284e-01
6.382899565709267975e-01
6.467295211764415575e-01
6.552806749586266299e-01
6.639448933661492580e-01
6.727236713562781967e-01
6.816185236528292668e-01
6.906309850075201817e-01
6.997626104647877154e-01
7.090149756300933026e-01
7.183896769417890127e-01
7.278883319465718760e-01
7.375125795785818505e-01
7.472640804421891714e-01
7.571445170985205975e-01
7.671555943557798463e-01
7.772990395633940786e-01
7.875766029100623733e-01
7.979900577257386107e-01
8.085412007876089380e-01
8.192318526301139991e-01
8.300638578590702199e-01
8.410390854699498764e-01
8.521594291703570301e-01
8.634268077067803748e-01
8.748431651956593003e-01
8.864104714588298961e-01
8.981307223634049652e-01
9.100059401661486636e-01
9.220381738624029433e-01
9.342294995396351887e-01
9.465820207356449023e-01
9.590978688015222575e-01
9.717792032693982618e-01
9.846282122250583635e-01
9.976471126854833393e-01
1.010838150981379746e+00
1.024203603144778318e+00
1.037745775301737394e+00
1.051467004070258282e+00
1.065369656963453204e+00
1.079456132798043644e+00
1.093728862108262367e+00
1.108190307565227073e+00
1.122842964401856269e+00
1.137689360843414876e+00
1.152732058543731730e+00
1.167973653027204906e+00
1.183416774136641925e+00
1.199064086487022562e+00
1.214918289925260853e+00
1.230982119996046231e+00
1.247258348413852636e+00
1.263749783541167959e+00
1.280459270873067990e+00
1.297389693528187227e+00
1.314543972746183176e+00
1.331925068391777378e+00
1.349535979465460223e+00
1.367379744620959459e+00
1.385459442689526144e+00
1.403778193211177694e+00
1.422339156972953766e+00
1.441145536554288675e+00
1.460200576879598255e+00
1.479507565778170886e+00
1.499069834551459257e+00
1.518890758547886799e+00
1.538973757745226933e+00
1.559322297340709929e+00
1.579939888348918631e+00
1.600830088207591650e+00
1.621996501391438583e+00
1.643442780034064965e+00
1.665172624558139081e+00
1.687189784313858132e+00
1.709498058225886963e+00
1.732101295448837508e+00
1.755003396031414864e+00
1.778208311589347446e+00
1.801720045987211138e+00
1.825542656029282895e+00
1.849680252159498828e+00
1.874136999170698870e+00
1.898917116923231729e+00
1.924024881073066906e+00
1.949464623809532116e+00
1.975240734602805803e+00
2.001357660961289309e+00
2.027819909199011672e+00
2.054632045213143687e+00
2.081798695271831257e+00
2.109324546812424206e+00
2.137214349250265766e+00
2.165472914798173498e+00
2.194105119296754225e+00
2.223115903055715048e+00
2.252510271706259726e+00
2.282293297064795556e+00
2.312470118008039144e+00
2.343045941359698681e+00
2.374026042788878854e+00
2.405415767720360254e+00
2.437220532256936689e+00
2.469445824113904564e+00
2.502097203565951222e+00
2.535180304406542628e+00
2.568700834919997789e+00
2.602664578866418665e+00
2.637077396479642566e+00
2.671945225478384423e+00
2.707274082090772360e+00
2.743070062092381356e+00
2.779339341858041657e+00
2.816088179427528093e+00
2.853322915585348785e+00
2.891049974954803758e+00
2.929275867106513331e+00
2.968007187681621861e+00
3.007250619529805213e+00
3.047012933862375927e+00
3.087300991420607321e+00
3.128121743659513676e+00
3.169482233947278793e+00
3.211389598780542087e+00
3.253851069015778030e+00
3.296873971116902613e+00
3.340465728419430569e+00
3.384633862411322802e+00
3.429385994030769602e+00
3.474729844981139681e+00
3.520673239063308646e+00
3.567224103525604040e+00
3.614390470431626756e+00
3.662180478046097143e+00
3.710602372239086399e+00
3.759664507908783815e+00
3.809375350423084061e+00
3.859743477080233909e+00
3.910777578588783499e+00
3.962486460567143265e+00
4.014879045062897944e+00
4.067964372092276903e+00
4.121751601199946435e+00
4.176250013039433995e+00
4.231469010974445055e+00
4.287418122701349255e+00
4.344107001893156017e+00
4.401545429865149295e+00
4.459743317262626405e+00
4.518710705770905278e+00
4.578457769847962489e+00
4.638994818479964088e+00
4.700332296960027634e+00
4.762480788690475642e+00
4.825451017008974830e+00
4.889253847038729894e+00
4.953900287563224758e+00
5.019401492925715580e+00
5.085768764953842336e+00
5.153013554909686711e+00
5.221147465465609372e+00
5.290182252706258303e+00
5.360129828156947163e+00
5.431002260838958762e+00
5.502811779351967303e+00
5.575570773984006578e+00
5.649291798849339408e+00
5.723987574054584471e+00
5.799670987893525087e+00
5.876355099070853960e+00
5.954053138955401892e+00
6.032778513863127579e+00
6.112544807370287714e+00
6.193365782657203056e+00
6.275255384883009491e+00
6.358227743591793768e+00
6.442297175150609512e+00
6.527478185219607987e+00
6.613785471254943538e+00
6.701233925044720152e+00
6.789838635278473866e+00
6.879614890150635986e+00
6.970578179998402568e+00
7.062744199974546611e+00
7.156128852755442971e+00
7.250748251285030754e+00
7.346618721554984965e+00
7.443756805421666733e+00
7.542179263460320193e+00
7.641903077856992077e+00
7.742945455338752225e+00
7.845323830142534760e+00
7.949055867023354871e+00
8.054159464302243165e+00
8.160652756954489107e+00
8.268554119738716679e+00
8.377882170367344727e+00
8.488655772718924908e+00
8.600894040093066906e+00
8.714616338508216487e+00
8.829842290043210085e+00
8.946591776222922121e+00
9.064884941448701383e+00
9.184742196474164899e+00
9.306184221926930178e+00
9.429231971876991025e+00
9.553906677452118856e+00
9.680229850501225641e+00
9.808223287306084615e+00
9.937909072342145933e+00
1.006930958208907079e+01
1.020244748889164299e+01
1.033734576487180945e+01
1.047402768589226874e+01
1.061251683557265402e+01
1.075283710935872072e+01
1.089501271864535248e+01
1.103906819495409586e+01
1.118502839416591854e+01
1.133291850080991736e+01
1.148276403240883248e+01
1.163459084388181886e+01
1.178842513200563680e+01
1.194429343993471626e+01
1.210222266178101513e+01
1.226224004725444061e+01
1.242437320636458331e+01
1.258865011418475000e+01
1.275509911567875498e+01
1.292374893059175633e+01
1.309462865840565016e+01
1.326776778335999829e+01
1.344319617953936330e+01
1.362094411602788746e+01
1.380104226213201457e+01
1.398352169267238665e+01
1.416841389334547152e+01
1.435575076615630685e+01
1.454556463492298768e+01
1.473788825085392773e+01
1.493275479819888396e+01
1.513019789997466624e+01
1.533025162376668504e+01
1.553295048760694463e+01
1.573832946593002546e+01
1.594642399560767387e+01
1.615726998206321596e+01
1.637090380546681700e+01
1.658736232701263447e+01
1.680668289527908499e+01
1.702890335267295896e+01
1.725406204195899562e+01
1.748219781287566121e+01
1.771335002883843401e+01
1.794755857373172603e+01
1.818486385879058176e+01
1.842530682957337262e+01
1.866892897302681931e+01
1.891577232464411651e+01
1.916587947571802175e+01
1.941929358068970046e+01
1.967605836459473423e+01
1.993621813060763515e+01
2.019981776768602089e+01
2.046690275831608474e+01
2.073751918636010672e+01
2.101171374500806266e+01
2.128953374483422678e+01
2.157102712196031646e+01
2.185624244632656143e+01
2.214522893007212900e+01
2.243803643602650055e+01
2.273471548631279049e+01
2.303531727106516058e+01
2.333989365726133158e+01
2.364849719767190805e+01
2.396118113992803345e+01
2.427799943570892793e+01
2.459900675005090420e+01
2.492425847077961265e+01
2.525381071806664934e+01
2.558772035411288215e+01
2.592604499295965326e+01
2.626884301042971614e+01
2.661617355419961584e+01
2.696809655400522132e+01
2.732467273198241031e+01
2.768596361314401477e+01
2.805203153599577703e+01
2.842293966329241428e+01
2.879875199293596921e+01
2.917953336901825523e+01
2.956534949300923998e+01
2.995626693509364813e+01
3.035235314565690956e+01
3.075367646692352963e+01
3.116030614474904681e+01
3.157231234056799352e+01
3.198976614349980707e+01
3.241273958261481880e+01
3.284130563936236058e+01
3.327553826016352900e+01
3.371551236916977246e+01
3.416130388119088224e+01
3.461298971479352105e+01
3.507064780557308126e+01
3.553435711960095489e+01
3.600419766704961688e+01
3.648025051599809387e+01
3.696259780641941006e+01
3.745132276435359131e+01
3.794650971626769831e+01
3.844824410360588729e+01
3.895661249753177202e+01
3.947170261386567347e+01
3.999360332821972719e+01
4.052240469133241163e+01
4.105819794460649774e+01
4.160107553585215356e+01
4.215113113523821653e+01
4.270845965145439749e+01
4.327315724808721598e+01
4.384532136021233129e+01
4.442505071120667282e+01
4.501244532978208923e+01
4.560760656724499285e+01
4.621063711498382531e+01
4.682164102218781920e+01
4.744072371380003261e+01
4.806799200870770505e+01
4.870355413817351575e+01
4.934751976450971256e+01
5.000000000000001421e+01
