# te
3.268738014159041860e+00
4.089200753155580514e+00
4.216529047974382216e+00
3.926703619903276987e+00
3.436002152907937646e+00
2.882109542467254926e+00
2.350460241548130824e+00
1.885759086988866073e+00
1.513927192872729366e+00
1.246146531902975640e+00
1.085274405756604166e+00
1.011279295296929837e+00
9.998355804841523309e-01
1.032477723162591898e+00
1.092599309370593685e+00
1.165170340038479635e+00
1.236829744999166980e+00
1.299314761098166571e+00
1.347791804549827610e+00
1.386044310843128180e+00
1.419285260640771984e+00
1.449827404837608080e+00
1.479670675740490937e+00
1.512460085619504735e+00
1.551206563069387423e+00
1.594737733979224137e+00
1.640806630778579356e+00
1.687052904064456182e+00
1.730881292381120096e+00
1.768870267894445458e+00
1.797495354848718030e+00
1.813645657845031733e+00
1.815583582909539029e+00
1.806650962670656391e+00
1.789928483870761866e+00
1.762379580305301507e+00
1.720939265783645311e+00
1.668549108235213074e+00
1.609653059398792108e+00
1.547488612793080476e+00
1.480468323391644470e+00
1.405799679136091385e+00
1.320689571744543711e+00
1.222344992305704814e+00
1.108691182465464831e+00
9.805258892455586128e-01
8.393652095954878822e-01
6.867249920383029504e-01
5.241211844676347820e-01
3.526415717875902578e-01
1.716613614721162751e-01
-1.987254328690868724e-02
-2.230131212950416386e-01
-4.388134289911057029e-01
-6.680848597723608728e-01
-9.106719483653262781e-01
-1.166177758985458279e+00
-1.434205157107051321e+00
-1.714357157260271602e+00
-2.006371321741531322e+00
-2.310522807688745850e+00
-2.627221419376657430e+00
-2.956877159821169609e+00
-3.299899634555864214e+00
-3.656450221403772627e+00
-4.025695002451790572e+00
-4.406553024523233830e+00
-4.797941943253287711e+00
-5.198780209241783190e+00
-5.608276435184150088e+00
-6.026806241875373615e+00
-6.455035014723718767e+00
-6.893628934102093098e+00
-7.343255372830371996e+00
-7.804394489554423942e+00
-8.276791895587695791e+00
-8.760009565410530996e+00
-9.253608678538627785e+00
-9.757149619523039163e+00
-1.027013792035427642e+01
-1.079185016320496082e+01
-1.132150648775787793e+01
-1.185832862362510909e+01
-1.240153432559550595e+01
-1.295047728741229953e+01
-1.350503269962614716e+01
-1.406521089677744030e+01
-1.463101744361869905e+01
-1.520246028979637742e+01
-1.577946470863379957e+01
-1.636162844802035821e+01
-1.694846180973443595e+01
-1.753947986534229742e+01
-1.813419450655161569e+01
-1.873212080492865894e+01
-1.933277065218109669e+01
-1.993565752994590312e+01
-2.054029332993075485e+01
-2.114619312370190940e+01
-2.175286880296705050e+01
-2.235983543929243567e+01
-2.296660333445645463e+01
-2.357268756002536136e+01
-2.417759841777754559e+01
-2.478085415913785283e+01
-2.538196667581395616e+01
-2.598044626958424885e+01
-2.657580642208569444e+01
-2.716756061495526708e+01
-2.775522391975922076e+01
-2.833828914905374674e+01
-2.891625706504148496e+01
-2.948862525006649804e+01
-3.005488810661426058e+01
-3.061454321702883163e+01
-3.116709134351285471e+01
-3.171202688855180440e+01
-3.224884107477257800e+01
-3.277703784423640343e+01
-3.329611477928733621e+01
-3.380556628241085804e+01
-3.430488993595102443e+01
-3.479358014239330998e+01
-3.527113766394035821e+01
-3.573705690307765792e+01
-3.619083862200783130e+01
-3.663197404335779339e+01
-3.705996074947159258e+01
-3.747430586226903415e+01
-3.787450696409418072e+01
-3.826013795389705763e+01
-3.863078227020343292e+01
-3.898602017168050082e+01
-3.932543827671261027e+01
-3.964861048424978662e+01
-3.995512659253496679e+01
-4.024456368037675702e+01
-4.051650836615951334e+01
-4.077053772869183490e+01
-4.100623838635807772e+01
-4.122319059782543604e+01
-4.142097780161967790e+01
-4.159918343626657133e+01
-4.175738140071614879e+01
-4.189516467306991387e+01
-4.201211033213648705e+01
-4.210780181644163633e+01
-4.218181938465254177e+01
-4.223374647529498560e+01
-4.226321422477346346e+01
-4.227005092072455028e+01
-4.225412936880497483e+01
-4.221532873438861344e+01
-4.215351864327362108e+01
-4.206857826083388829e+01
-4.196038039272612252e+01
-4.182880102446564052e+01
-4.167371932142633284e+01
-4.149500808926491402e+01
-4.129254331349670082e+01
-4.106619779977840778e+01
-4.081584753362534457e+01
-4.054137486026997550e+01
-4.024264304579329377e+01
-3.991953761528633038e+01
-3.957192819454724741e+01
-3.919969394894992121e+01
-3.880271086400965430e+01
-3.838084856552460167e+01
-3.793398621886863964e+01
-3.746199980955707787e+01
-3.696476532310521890e+01
-3.644215556516979859e+01
-3.589404652126610529e+01
-3.532036187478819045e+01
-3.472119066177633329e+01
-3.409668551544247350e+01
-3.344698634956421301e+01
-3.277223625777773464e+01
-3.207257833371922828e+01
-3.134815249116629587e+01
-3.059910500361370111e+01
-2.982557578483905303e+01
-2.902771428819569621e+01
-2.820565406774407435e+01
-2.735954457683753560e+01
-2.648953049904155677e+01
-2.559574697834586843e+01
-2.467834346810381874e+01
-2.373746147202230361e+01
-2.277324408373750941e+01
-2.178583280695632851e+01
-2.077537073531494727e+01
-1.974200096244955205e+01
-1.868586817192561611e+01
-1.760711386745003892e+01
-1.650587955272971286e+01
-1.538231309118869561e+01
-1.423655280667530221e+01
-1.306882208425490788e+01
-1.187966388478037416e+01
-1.066970066556910623e+01
-9.439553294009224160e+00
-8.189843432453486116e+00
-6.921193538219300834e+00
-5.634225671141752656e+00
-4.329561493573602426e+00
-3.007822469126450571e+00
-1.669630856376543404e+00
-3.156085661030939571e-01
1.053622888397007351e+00
2.437441298232804865e+00
3.835225050736827068e+00
5.246352086073990506e+00
6.670200940632693865e+00
8.106148759613207133e+00
9.553575073109739080e+00
1.101185742380487831e+01
1.248037335438122319e+01
1.395850120248600668e+01
1.544562089569576280e+01
1.694110679683450016e+01
1.844434042340803614e+01
1.995469852313432568e+01
2.147155943366060171e+01
2.299430308256339117e+01
2.452230462763135677e+01
2.605494240651173499e+01
2.759159793671034322e+01
2.913164478608655017e+01
3.067446447214617322e+01
3.221943374260715842e+01
3.376592934518745892e+01
3.531333438732218610e+01
3.686101925701211712e+01
3.840837024155095492e+01
3.995476090879805042e+01
4.149957118632994479e+01
4.304217464200599608e+01
4.458195756311990721e+01
4.611828715781386734e+01
4.765055289324016741e+01
4.917812833725815125e+01
5.070039023758578622e+01
5.221671852179959217e+01
5.372648993761752223e+01
5.522908123275751535e+01
5.672387551465468647e+01
5.821024953102698873e+01
5.968758002959236109e+01
6.115532007467471942e+01
6.261289729172932539e+01
6.405975202564576421e+01
6.549533098103077577e+01
6.691907450277395242e+01
6.833042293576488646e+01
6.972882298461030359e+01
7.111370863448264856e+01
7.248452023027151370e+01
7.384071083630078647e+01
7.518171443774289742e+01
7.650697137948743887e+01
7.781592836614115072e+01
7.910801938287646351e+01
8.038269749401729314e+01
8.163939668473604172e+01
8.287755094020515401e+01
8.409661968446569347e+01
8.529603054297292886e+01
8.647523022033358586e+01
8.763366542115444702e+01
8.877076377089073844e+01
8.988597833386639024e+01
9.097874945497099475e+01
9.204851747909411586e+01
9.309472275112536011e+01
9.411681197567145318e+01
9.511420641847051627e+01
9.608638458271509819e+01
9.703274865499182056e+01
9.795277077877605620e+01
9.884587857952308809e+01
9.971151240212250855e+01
1.005491253108982050e+02
1.013581385715882845e+02
1.021380116082338247e+02
1.028881847657244180e+02
1.036080856695153045e+02
1.042971673839304003e+02
1.049548766135764737e+02
1.055806473436259267e+02
1.061739135592511900e+02
1.067341410442105030e+02
1.072607383448076348e+02
1.077531585253665014e+02
1.082108673696453280e+02
1.086332797836650457e+02
1.090198488317495844e+02
1.093700148587885224e+02
1.096833326845803924e+02
1.099598659062968267e+02
1.101998053154527355e+02
1.104033162646944106e+02
1.105706022649710576e+02
1.107018159494946161e+02
1.107971481097800108e+02
1.108567895373421379e+02
1.108808928653929513e+02
1.108696743243160086e+02
1.108233119861918823e+02
1.107419584842325264e+02
1.106258046099528514e+02
1.104750411548677675e+02
1.102898589104921712e+02
1.100704105100380303e+02
1.098168867450202271e+02
1.095294784069536860e+02
1.092083508484846703e+02
1.088536948611280906e+02
1.084656885169645335e+02
1.080445226075089238e+02
1.075903624854074963e+02
1.071033862227408520e+02
1.065837909707410631e+02
1.060317611612058926e+02
1.054474430676301040e+02
1.048310529203972550e+02
1.041827624318707706e+02
1.035027369546969283e+02
1.027911736401077718e+02
1.020482442004667547e+02
1.012741394272887874e+02
1.004690373926544424e+02
9.963310344920998318e+01
9.876653474818749601e+01
9.786950936166756776e+01
9.694221172144793286e+01
9.598480718017485458e+01
9.499749288908041933e+01
9.398042784109372860e+01
9.293382826659832574e+01
9.185784043908900287e+01
9.075266150979783220e+01
8.961846955080538635e+01
8.845544263419228059e+01
8.726376519175623514e+01
8.604362165529501283e+01
8.479518373717202451e+01
8.351863586918504723e+01
8.221425151917210883e+01
8.088269845743539577e+01
7.952472077088309277e+01
7.814106890614053214e+01
7.673250602926734132e+01
7.529977622717171926e+01
7.384363630619613161e+01
7.236484307268308669e+01
7.086414697325790257e+01
6.934229845454591157e+01
6.780005432288962197e+01
6.623817138463149945e+01
6.465739372667971452e+01
6.305847815537678258e+01
6.144218147706516930e+01
5.980925413837022120e+01
5.816044658591725636e+01
5.649652198576593065e+01
5.481822442482442170e+01
5.312630752957662139e+01
5.142152810636503801e+01
4.970463978167357055e+01
4.797639300212755842e+01
4.623753821435231970e+01
4.448883858440751737e+01
4.273103501934273396e+01
4.096489386507620623e+01
3.919115920851609758e+01
3.741058467614632121e+01
3.562392707430936412e+01
3.383193684963056569e+01
3.203536762859382492e+01
3.023497621754163944e+01
2.843151306309933801e+01
2.662573338168012427e+01
2.481838602998002941e+01
2.301022781434155107e+01
2.120201077131930845e+01
1.939448693746792074e+01
1.758841311912987848e+01
1.578453976293051397e+01
1.398362208528302553e+01
1.218641132777738711e+01
1.039366191186215715e+01
8.606126669056598288e+00
6.824560020809267158e+00
5.049713606192461235e+00
3.282340852948930188e+00
1.523196083156648006e+00
-2.269680952489261383e-01
-1.967437133264735794e+00
-3.697651251567140918e+00
-5.417088630394322202e+00
-7.125229164126976933e+00
-8.821551753439997867e+00
-1.050553490152595160e+01
-1.217665631661276038e+01
-1.383439768175157703e+01
-1.547823670517032113e+01
-1.710765030013227062e+01
-1.872212014968857829e+01
-2.032112316710252031e+01
-2.190414103542524416e+01
-2.347064748806144863e+01
-2.502012738792086566e+01
-2.655205605833747740e+01
-2.806591200250385398e+01
-2.956118008332973091e+01
-3.103733085436121897e+01
-3.249384599864946921e+01
-3.393021037910421001e+01
-3.534589295934227238e+01
-3.674037860227338115e+01
-3.811314581109009936e+01
-3.946367308898501136e+01
-4.079143575929208509e+01
-4.209592186477965470e+01
-4.337660036906452632e+01
-4.463295931491501278e+01
-4.586446766594795577e+01
-4.707060710521448499e+01
-4.825086249562433949e+01
-4.940470916051150851e+01
-5.053162878292714311e+01
-5.163109350634663741e+01
-5.270258501382115668e+01
-5.374558816826041863e+01
-5.475956875342267693e+01
-5.574402117179339911e+01
-5.669841756684799350e+01
-5.762223008206186137e+01
-5.851494994006190353e+01
-5.937604292460635946e+01
-6.020500661803929177e+01
-6.100129408468460213e+01
-6.176440926660352915e+01
-6.249381794755429809e+01
-6.318899863072948619e+01
-6.384943617903883251e+01
-6.447460273595773117e+01
-6.506411035873918536e+01
-6.561808624172647342e+01
-6.613679113332332804e+01
-6.662047306249911571e+01
-6.706939913737474512e+01
-6.748381102720240676e+01
-6.786397584010299511e+01
-6.821014796476305264e+01
-6.852258178986915027e+01
-6.880153806382500647e+01
-6.904727117531714953e+01
-6.926003551303213612e+01
-6.944009182537369895e+01
-6.958769450102838050e+01
-6.970309792868272325e+01
-6.978655649702329811e+01
-6.983833731417097113e+01
-6.985868840909513722e+01
-6.984787053019951486e+01
-6.980613806617064654e+01
-6.973374540569508895e+01
-6.963094693745939878e+01
-6.949800976958444210e+01
-6.933517557132245202e+01
-6.914271781051148480e+01
-6.892088451612090694e+01
-6.866993007683728933e+01
-6.839010888134716026e+01
-6.808168803777142841e+01
-6.774491557507946027e+01
-6.738004588195781253e+01
-6.698734606652736545e+01
-6.656705779804035217e+01
-6.611945454433480052e+01
-6.564478433438011962e+01
-6.514329519714567596e+01
-6.461526060046952580e+01
-6.406092221360390226e+01
-6.348054714466966431e+01
-6.287438342263620683e+01
-6.224269815562441721e+01
-6.158573937260367614e+01
-6.090376146226053322e+01
-6.019703153271588292e+01
-5.946579125322192994e+01
-5.871031409161673764e+01
-5.793084807686967963e+01
-5.712764123795015081e+01
-5.630096704269618613e+01
-5.545107352007718760e+01
-5.457829137538566044e+01
-5.368328201920665066e+01
-5.276678635858973365e+01
-5.182953258115016837e+01
-5.087224887450320665e+01
-4.989568250541559991e+01
-4.890056484136118087e+01
-4.788762724981378938e+01
-4.685760745796442706e+01
-4.581124319300409553e+01
-4.474926900226520843e+01
-4.367241307336302469e+01
-4.258141631334712685e+01
-4.147701326954993561e+01
-4.035993530944529084e+01
-3.923092334008276794e+01
-3.809071190879478763e+01
-3.694002920319661598e+01
-3.577961613033782129e+01
-3.461021041740940518e+01
-3.343254025202663371e+01
-3.224734336138050850e+01
-3.105535429280343607e+01
-2.985730759362784070e+01
-2.865394417090331203e+01
-2.744599539210367922e+01
-2.623418944484420123e+01
-2.501927200596233192e+01
-2.380197285300262067e+01
-2.258302494336819422e+01
-2.136317077403792553e+01
-2.014313694269777599e+01
-1.892366435639733524e+01
-1.770548597253972645e+01
-1.648933633845737390e+01
-1.527595159141198167e+01
-1.406606468880668004e+01
-1.286041494776176286e+01
-1.165973373575106464e+01
-1.046475719003629834e+01
-9.276221447879171578e+00
-8.094858671718167642e+00
-6.921407383708934269e+00
-5.756599746289952080e+00
-4.601173089169900976e+00
-3.455861164716554690e+00
-2.321399315226976512e+00
-1.198522684257070869e+00
-8.796635946678867113e-02
1.009534745382434373e+00
2.093298519571474170e+00
3.162856474287032871e+00
4.217792246796042477e+00
5.257691064294726324e+00
6.282136961532340358e+00
7.290712979552330886e+00
8.283005339256730437e+00
9.258597081688986208e+00
1.021707323530415934e+01
1.115801723862802142e+01
1.208101412011563447e+01
1.298564811325741530e+01
1.387150345154377895e+01
1.473816436846514399e+01
1.558521509751192369e+01
1.641224066713918361e+01
1.721882292594340313e+01
1.800455008223822517e+01
1.876900398462012731e+01
1.951176807161488469e+01
2.023242896160684623e+01
2.093057009312178707e+01
2.160577490468547524e+01
2.225763001468226676e+01
2.288571568177934523e+01
2.348961852436107023e+01
2.406892516081179068e+01
2.462321584979869371e+01
2.515208038956471626e+01
2.565509585891846811e+01
2.613185205610288264e+01
2.658192923978514699e+01
2.700491402834961363e+01
2.740039304018063859e+01
2.776794653394540546e+01
2.810715794816969293e+01
2.841761708109643081e+01
2.869890419139280979e+01
2.895060589744317880e+01
2.917230245791473564e+01
2.936358685090898746e+01
2.952402979551738227e+01
2.965322744970001878e+01
2.975076007212408769e+01
2.981621110131535346e+01
2.984916397579959479e+01
2.984920531396115706e+01
2.981591855432581895e+01
2.974889031527792937e+01
2.964770085548467549e+01
2.951206398767368810e+01
2.934218958251137721e+01
2.913841470500741693e+01
2.890107960003007292e+01
2.863052451244761087e+01
2.832708650726970845e+01
2.799109946964747309e+01
2.762291000416632158e+01
2.722284881611877694e+01
2.679125933023168571e+01
2.632847543165614823e+01
2.583483736526042307e+01
2.531068537591277590e+01
2.475635493869359749e+01
2.417218470854185952e+01
2.355851652025511811e+01
2.291568425898447359e+01
2.224402816959818452e+01
2.154388531710593924e+01
2.081559594637599275e+01
2.005949712241803695e+01
1.927592591024174240e+01
1.846522414464467232e+01
1.762772571077792350e+01
1.676377403336833538e+01
1.587370140763772675e+01
1.495784966838364483e+01
1.401655747054506485e+01
1.305016187913166625e+01
1.205900313901171472e+01
1.104341593030095581e+01
1.000374129283229507e+01
8.940316291615417299e+00
7.853480376553937603e+00
6.743569817692894652e+00
5.610925654865195789e+00
4.455884158115877902e+00
3.278784578607396583e+00
2.079964378831756555e+00
8.597625118396724497e-01
-3.814829139680772085e-01
-1.643433790190713673e+00
-2.925751511574554709e+00
-4.228098168459982986e+00
-5.550135105908027278e+00
-6.891524662685519331e+00
-8.251926991406520528e+00
-9.631005424543673143e+00
-1.102842210212264717e+01
-1.244383677927518050e+01
-1.387684720389066406e+01
-1.532678640063154063e+01
-1.679292061713004003e+01
-1.827452166577090864e+01
-1.977085658915101263e+01
-2.128119083993793481e+01
-2.280479305065783890e+01
-2.434093503369547307e+01
-2.588887906185982857e+01
-2.744790012739423801e+01
-2.901725891317840578e+01
-3.059622723159708002e+01
-3.218407371517642446e+01
-3.378006699644259214e+01
-3.538347252806318011e+01
-3.699355894256433430e+01
-3.860959487247222910e+01
-4.023084895031301755e+01
-4.185658662875429314e+01
-4.348608290003937071e+01
-4.511859685711867485e+01
-4.675340349223553460e+01
-4.838976507819894124e+01
-5.002695024753505493e+01
-5.166423081262863093e+01
-5.330087858586440319e+01
-5.493615266019279630e+01
-5.656932166813997753e+01
-5.819966696166642350e+01
-5.982643809414681613e+01
-6.144891005782447735e+01
-6.306635784494272912e+01
-6.467803736859342223e+01
-6.628322362101987153e+01
-6.788119159446540607e+01
-6.947119720202185533e+01
-7.105251543593254837e+01
-7.262440856900649067e+01
-7.418615159348701127e+01
-7.573700678218310145e+01
-7.727624276762092848e+01
-7.880313454204380719e+01
-8.031694437826074306e+01
-8.181693454908074159e+01
-8.330238640646429360e+01
-8.477255586350322858e+01
-8.622672427215802315e+01
-8.766414754552054944e+01
-8.908410067583409386e+01
-9.048583957619051432e+01
-9.186870919572194794e+01
-9.323226435422689917e+01
-9.457611074924123784e+01
-9.589989223660377604e+01
-9.720322087356753116e+01
-9.848570871738549215e+01
-9.974697418502786661e+01
-1.009866611323334524e+02
-1.022043688971209292e+02
-1.033997158963604903e+02
-1.045723332664566243e+02
-1.057218457840966579e+02
-1.068478527870992849e+02
-1.079500044910204934e+02
-1.090278875142446253e+02
-1.100811457126105211e+02
-1.111093975030883456e+02
-1.121122485832139546e+02
-1.130893300893918223e+02
-1.140402858774608035e+02
-1.149646834866537404e+02
-1.158621922116781349e+02
-1.167323923112011528e+02
-1.175749276410616346e+02
-1.183894293376640832e+02
-1.191755030985443256e+02
-1.199327546212382174e+02
-1.206608277615845992e+02
-1.213593282171192982e+02
-1.220278871242468028e+02
-1.226661228999373208e+02
-1.232736539611609885e+02
-1.238500987248879994e+02
-1.243950883275228421e+02
-1.249082157471670342e+02
-1.253891248396594165e+02
-1.258374340219701395e+02
-1.262527617110693967e+02
-1.266347263239273389e+02
-1.269829462775141451e+02
-1.272970399887999946e+02
-1.275766385941893901e+02
-1.278213477912181588e+02
-1.280308114357251270e+02
-1.282046225058118409e+02
-1.283424121378827749e+02
-1.284438114683424317e+02
-1.285084261947266668e+02
-1.285358874534399547e+02
-1.285258009420181793e+02
-1.284779249912090791e+02
-1.283924503925275644e+02
-1.282697332901348375e+02
-1.281101043893234248e+02
-1.279138943953858103e+02
-1.276814467330488441e+02
-1.274130793881707291e+02
-1.271091357854783013e+02
-1.267699593496984249e+02
-1.263958680666892604e+02
-1.259872053611776721e+02
-1.255443019384561865e+02
-1.250675139426859488e+02
-1.245571339208565149e+02
-1.240135434559977057e+02
-1.234370350950990627e+02
-1.228279649823217454e+02
-1.221866638229582946e+02
-1.215134750417355320e+02
-1.208087293439459700e+02
-1.200727447154478256e+02
-1.193058773004022726e+02
-1.185084450846674713e+02
-1.176807914929702861e+02
-1.168232472306032292e+02
-1.159361684417274745e+02
-1.150198603927668870e+02
-1.140746665084483169e+02
-1.131009174940642765e+02
-1.120989694937759396e+02
-1.110691277740071570e+02
-1.100117484789191167e+02
-1.089271495943700074e+02
-1.078156872645210029e+02
-1.066776794752302777e+02
-1.055134569317903583e+02
-1.043233694186452709e+02
-1.031077412813703518e+02
-1.018669095849752750e+02
-1.006012177541869050e+02
-9.931098377486341633e+01
-9.799654471201451145e+01
-9.665825670980133566e+01
-9.529642503464776837e+01
-9.391139947099782148e+01
-9.250351708386116911e+01
-9.107310857853032360e+01
-8.962051102001497327e+01
-8.814604875389046867e+01
-8.665007156460083593e+01
-8.513296103517588165e+01
-8.359538493591780650e+01
-8.203804283571464850e+01
-8.046165338260588840e+01
-7.886692886491390198e+01
-7.725458157096100820e+01
-7.562532378906956865e+01
-7.397987416727909249e+01
-7.231895135362908889e+01
-7.064324855729040564e+01
-6.895349714573688971e+01
-6.725040304757369825e+01
-6.553467855112322127e+01
-6.380703594470776352e+01
-6.206819387636685548e+01
-6.031885827470566852e+01
-5.855975414748088781e+01
-5.679158742329769183e+01
-5.501507039047841374e+01
-5.323091533734542224e+01
-5.143983773207962429e+01
-4.964255304286195525e+01
-4.783977355801476250e+01
-4.603221156586039342e+01
-4.422057617486260739e+01
-4.240558603306091356e+01
-4.058795660863624732e+01
-3.876839383019378005e+01
-3.694761316591444711e+01
-3.512633326383775767e+01
-3.330526323242747111e+01
-3.148511536000593480e+01
-2.966660511475407702e+01
-2.785044478499424514e+01
-2.603734665904878653e+01
-2.422802779502791282e+01
-2.242319571146610357e+01
-2.062356905640286797e+01
-1.882985693830196539e+01
-1.704277482534432764e+01
-1.526303659578159078e+01
-1.349135294800680818e+01
-1.172844014516555511e+01
-9.975009680615528396e+00
-8.231774637643724191e+00
-6.499449291984097599e+00
-4.778746726923642996e+00
-3.070379827008188567e+00
-1.375061675524726246e+00
3.064939486456878526e-01
1.973626529253244666e+00
3.625885420714540341e+00
5.262872643853934385e+00
6.884190318866364677e+00
8.489440168464451375e+00
1.007822471032545231e+01
1.165014487219734285e+01
1.320480317175738350e+01
1.474180371661212874e+01
1.626074266472167551e+01
1.776122889348045319e+01
1.924286174070713784e+01
2.070524054422041260e+01
2.214797100155612242e+01
2.357065086060365289e+01
2.497288581889885251e+01
2.635427680418969132e+01
2.771442633415342982e+01
2.905293692646733561e+01
3.036941109880866563e+01
3.166344500913752213e+01
3.293464435498974296e+01
3.418261483390118372e+01
3.540695578369051333e+01
3.660726336231783762e+01
3.778314644717757886e+01
3.893420755594700466e+01
4.006004602644479462e+01
4.116026437634820212e+01
4.223446194347591387e+01
4.328224442536377836e+01
4.430321115983046809e+01
4.529696784441183155e+01
4.626311699678512923e+01
4.720125159505188606e+01
4.811098051660651720e+01
4.899190627912629026e+01
4.984363140028846573e+01
5.066575521791172321e+01
5.145788024967333030e+01
5.221960901325054039e+01
5.295054084646204728e+01
5.365028144684368527e+01
5.431843333207271485e+01
5.495458948025066093e+01
5.555836830834768847e+01
5.612935643474815350e+01
5.666715955698790452e+01
5.717138337260277581e+01
5.764163357912862296e+01
5.807761126985873545e+01
5.847944999885356054e+01
5.884738507564816246e+01
5.918167088892908367e+01
5.948254274823138843e+01
5.975023596309014096e+01
5.998498584304039838e+01
6.018704041705154850e+01
6.035664135437581734e+01
6.049401760483110735e+01
6.059942355710396100e+01
6.067308816101227364e+01
6.071525308580828550e+01
6.072616000074420128e+01
6.070605057507226121e+01
6.065516647804468420e+01
6.057374301919652737e+01
6.046201550806285496e+01
6.032023197361305478e+01
6.014862772538218394e+01
5.994745079233963736e+01
5.971693012430331038e+01
5.945731375024258369e+01
5.916883697969252864e+01
5.885174148190536414e+01
5.850626256641614731e+01
5.813264826219428016e+01
5.773114023849196741e+01
5.730196744512712570e+01
5.684537155135195974e+01
5.636160058613587864e+01
5.585089621873108712e+01
5.531348103923833293e+01
5.474960943634415855e+01
5.415951671958363534e+01
5.354345091792613687e+01
5.290163780133099181e+01
5.223432857862616174e+01
5.154175855934671091e+01
5.082416623288628443e+01
5.008179644835568212e+01
4.931488133543138730e+01
4.852367210294136868e+01
4.770839770070352159e+01
4.686930615768724095e+01
4.600662960356899589e+01
4.512061288745960042e+01
4.421149767861128055e+01
4.327952246641766720e+01
4.232492256041383172e+01
4.134799686730647039e+01
4.034928278319592465e+01
3.932935586248551374e+01
3.828880437901289469e+01
3.722821660661571741e+01
3.614818081913163184e+01
3.504927575082254521e+01
3.393209603524327633e+01
3.279722040665573246e+01
3.164524031875613730e+01
3.047674086552357053e+01
2.929230078121993230e+01
2.809252105911720321e+01
2.687797407376012515e+01
2.564924809898635161e+01
2.440693458849211694e+01
2.315161545639790575e+01
2.188388056647066193e+01
2.060431183283087364e+01
1.931349911924548479e+01
1.801202433983498352e+01
1.670047735836630665e+01
1.537944008895994941e+01
1.404950398531214084e+01
1.271124937161407864e+01
1.136526770156199895e+01
1.001214088927638635e+01
8.652456413630249088e+00
7.286800958531947536e+00
5.915760412925195944e+00
4.539920268271388615e+00
3.159866810996561526e+00
1.776186327526754205e+00
3.894647813336165609e-01
-9.997119634817809297e-01
-2.390757595650755185e+00
-3.783086102016365082e+00
-5.176111792376056897e+00
-6.569247982821469378e+00
-7.961908784408888273e+00
-9.353507910712274054e+00
-1.074346066523488119e+01
-1.213117956910370410e+01
-1.351607793841037974e+01
-1.489757226910512955e+01
-1.627507428735030359e+01
-1.764799889916683284e+01
-1.901575942064635072e+01
-2.037776916788050485e+01
-2.173344304689021911e+01
-2.308223094214082849e+01
-2.442372106194597237e+01
-2.575754136285157259e+01
-2.708331026182780121e+01
-2.840066207513773477e+01
-2.970920886003438710e+01
-3.100858811263941561e+01
-3.229841507006441503e+01
-3.357832404857246900e+01
-3.484793028527516157e+01
-3.610686491657699548e+01
-3.735474953930671660e+01
-3.859121211001026097e+01
-3.981587422551636024e+01
-4.102836066251236957e+01
-4.222830255740277039e+01
-4.341531514729916807e+01
-4.458902956860605116e+01
-4.574907059801076770e+01
-4.689506301220063733e+01
-4.802662204828726544e+01
-4.914338838225088324e+01
-5.024498043106167700e+01
-5.133101661168980456e+01
-5.240112806053977579e+01
-5.345494273415750541e+01
-5.449207268979600371e+01
-5.551215860343550190e+01
-5.651481889204619335e+01
-5.749967197259823593e+01
-5.846635534121329414e+01
-5.941448105514437827e+01
-6.034368025079599107e+01
-6.125357770485545927e+01
-6.214380455372729273e+01
-6.301396649494733282e+01
-6.386370738435439876e+01
-6.469264563891867681e+01
-6.550040603532748662e+01
-6.628661335026816914e+01
-6.705089236042807954e+01
-6.779286784249451614e+01
-6.851216457315484831e+01
-6.920840732909638859e+01
-6.988121452728933036e+01
-7.053023002357248572e+01
-7.115505951548169605e+01
-7.175533413942146410e+01
-7.233067867207914503e+01
-7.288071789014203716e+01
-7.340517196605496508e+01
-7.390407905812089950e+01
-7.437758543983461834e+01
-7.482582466525653331e+01
-7.524895572731577431e+01
-7.564709310092126771e+01
-7.602039577900211498e+01
-7.636900367533591805e+01
-7.669304398426595526e+01
-7.699265661956982854e+01
-7.726799421445946336e+01
-7.751918396327815231e+01
-7.774637213952065906e+01
-7.794970501668173313e+01
-7.812930342938749106e+01
-7.828532637056704857e+01
-7.841790739428083157e+01
-7.852718005458926598e+01
-7.861328426526998214e+01
-7.867637265953490555e+01
-7.871656607201012434e+01
-7.873402349562476843e+01
-7.872887212472208773e+01
-7.870126459251402196e+01
-7.865131537390952587e+01
-7.857918982155484855e+01
-7.848501512979326833e+01
-7.836893757211954892e+01
-7.823109070259414466e+01
-7.807162079471180505e+01
-7.789066140253298443e+01
-7.768835243983528471e+01
-7.746484018011346961e+01
-7.722025817742797926e+01
-7.695475270527356315e+01
-7.666845095799352805e+01
-7.636150556879979945e+01
-7.603405009175280327e+01
-7.568622444063014143e+01
-7.531818124864375363e+01
-7.493003499070259465e+01
-7.452194465973575177e+01
-7.409403745008650333e+01
-7.364646599496677482e+01
-7.317936384843702058e+01
-7.269287728399199011e+01
-7.218713349597496176e+01
-7.166227875788071344e+01
-7.111845298348684707e+01
-7.055579608657096458e+01
-6.997449885864797636e+01
-6.937496196189920283e+01
-6.875763693624327288e+01
-6.812296896188165363e+01
-6.747140321901582638e+01
-6.680339760728155341e+01
-6.611941002631465381e+01
-6.541987929659943291e+01
-6.470525695805449118e+01
-6.397599455059848594e+01
-6.323254997386720788e+01
-6.247535568862777922e+01
-6.170487595423317373e+01
-6.092156231060202032e+01
-6.012585357821861010e+01
-5.931820765671874796e+01
-5.849908244573821747e+01
-5.766890404632700040e+01
-5.682814943727238699e+01
-5.597725743905866835e+01
-5.511667323188731871e+01
-5.424685471539412163e+01
-5.336824706978055843e+01
-5.248130819468241270e+01
-5.158647691058398266e+01
-5.068421747683824208e+01
-4.977496553407089408e+01
-4.885918216177632445e+01
-4.793730936029741230e+01
-4.700980502926995541e+01
-4.607711116903683291e+01
-4.513968567923384256e+01
-4.419797691992103950e+01
-4.325243325115845749e+01
-4.230350939272331345e+01
-4.135164734495849359e+01
-4.039730182764120769e+01
-3.944092438069009177e+01
-3.848296336416518670e+01
-3.752387031798512140e+01
-3.656409678206853187e+01
-3.560408475675830431e+01
-3.464429532154880320e+01
-3.368517365664150276e+01
-3.272717130195503188e+01
-3.177073343769086122e+01
-3.081632114334335526e+01
-2.986437005953824553e+01
-2.891534444562848094e+01
-2.796968630195695127e+01
-2.702782172957362761e+01
-2.609008302370032339e+01
-2.515677545076089316e+01
-2.422820427717920921e+01
-2.330467317944983563e+01
-2.238648583406734716e+01
-2.147395068731418988e+01
-2.056736982575564099e+01
-1.966705169567414657e+01
-1.877329997356427427e+01
-1.788641992584989282e+01
-1.700671522902556987e+01
-1.613449432937375150e+01
-1.527005931345971845e+01
-1.441371703763662282e+01
-1.356577117839903757e+01
-1.272652859210011300e+01
-1.189629454516371609e+01
-1.107537191911976926e+01
-1.026406836528607336e+01
-9.462687560157199584e+00
-8.671535565121654798e+00
-7.890916851638658081e+00
-7.121138276061361516e+00
-6.362501924955045851e+00
-5.615315449637510170e+00
-4.879883321567971777e+00
-4.156511204652614921e+00
-3.445502775386012129e+00
-2.747165088862477678e+00
-2.061802219058906260e+00
-1.389719531769740835e+00
-7.312222437335536007e-01
-8.661554063561004158e-02
5.437954166814691348e-01
1.159705454953740889e+00
1.760809326389326523e+00
2.346802012990815367e+00
2.917378148963764239e+00
3.472232666625471698e+00
4.011060100810914797e+00
4.533555781319713596e+00
5.039414441728006899e+00
5.528330418129609569e+00
5.999999239065303414e+00
6.454114843146581570e+00
6.890373553878871959e+00
7.308468514909020719e+00
7.708094857295488822e+00
8.088948109579058965e+00
8.450788987401443464e+00
8.793642134666653121e+00
9.117597382379623028e+00
9.422746151474585830e+00
9.709178272956480171e+00
9.976985962724180368e+00
1.022625825681797984e+01
1.045708737113675291e+01
1.066956234172079476e+01
1.086377379453968750e+01
1.103981394549230721e+01
1.119777183061894732e+01
1.133773887085383691e+01
1.145980648713120509e+01
1.156406292052670182e+01
1.165060118190384664e+01
1.171951189723222164e+01
1.177088330758747681e+01
1.180480921879777867e+01
1.182137707697412843e+01
1.182067909801540218e+01
1.180280590789118200e+01
1.176784972250034400e+01
1.171589719298924592e+01
1.164704292015069953e+01
1.156137514506034947e+01
1.145898528865243016e+01
1.133996477186116714e+01
1.120440342569150083e+01
1.105239187611301688e+01
1.088401995413065038e+01
1.069937987564327919e+01
1.049856147165584197e+01
1.028165536813792258e+01
1.004875219105910311e+01
9.799942566388970988e+00
9.535317915061753524e+00
9.254967273117745918e+00
8.958982856455820709e+00
8.647453701116273095e+00
8.320472022997979167e+00
7.978128448070520129e+00
7.620512012374190292e+00
7.247714136843220523e+00
6.859827037376485137e+00
6.456938955049632334e+00
6.039141708279212928e+00
5.606525525552490841e+00
5.159181430321370776e+00
4.697199651073114879e+00
4.220713344385841559e+00
3.730025391789474565e+00
3.225479218010860905e+00
2.707419837706136256e+00
2.176192464272598492e+00
1.632140820548834359e+00
1.075609821820400214e+00
5.069440355758187966e-01
-7.351194585374153101e-02
-6.654135798224026788e-01
-1.268416273998996369e+00
-1.882175585108225135e+00
-2.506346647549823725e+00
-3.140585142261720808e+00
-3.784546452070103317e+00
-4.437885761059995104e+00
-5.100259048281068353e+00
-5.771321299077185607e+00
-6.450727896274534245e+00
-7.138134620181622481e+00
-7.833196853624636802e+00
-8.535568786982796752e+00
-9.244908585458547989e+00
-9.960868849501816058e+00
-1.068310615438575617e+01
-1.141127628041887832e+01
-1.214503341798040026e+01
-1.288403493730812421e+01
-1.362793582374590962e+01
-1.437638867774368734e+01
-1.512905325443319349e+01
-1.588558135929970838e+01
-1.664563115754567946e+01
-1.740885604458567926e+01
-1.817491259569285944e+01
-1.894345579621108655e+01
-1.971414063148422713e+01
-2.048662367678542751e+01
-2.126055991745856133e+01
-2.203560433884748448e+01
-2.281141192629606707e+01
-2.358764084500674940e+01
-2.436394290046481714e+01
-2.513997466794342017e+01
-2.591539272271571903e+01
-2.668985364005486360e+01
-2.746300763551684909e+01
-2.823451446423340983e+01
-2.900403070147769924e+01
-2.977120338294712809e+01
-3.053571770264208851e+01
-3.129729065314878866e+01
-3.205567738535642519e+01
-3.281062351057844495e+01
-3.356187781998687569e+01
-3.430917956517800604e+01
-3.505228389704102909e+01
-3.579093642688938814e+01
-3.652487640631936472e+01
-3.725386216607874701e+01
-3.797762977790522854e+01
-3.869593439268800239e+01
-3.940851844188193809e+01
-4.011513071665905983e+01
-4.081551682833282513e+01
-4.150942238821667019e+01
-4.219659936734122141e+01
-4.287679337701990789e+01
-4.354974366884903247e+01
-4.421520539371777403e+01
-4.487292416293959008e+01
-4.552264240796934303e+01
-4.616411209983764508e+01
-4.679707884985794664e+01
-4.742128508948510301e+01
-4.803648596960832151e+01
-4.864242074182387654e+01
-4.923884137716238740e+01
-4.982549030707871651e+01
-5.040211632274489517e+01
-5.096847139519152847e+01
-5.152429795587349304e+01
-5.206933525638707039e+01
-5.260334480733860829e+01
-5.312606586032439537e+01
-5.363723766694072737e+01
-5.413662809751110672e+01
-5.462396050433892469e+01
-5.509899957788910996e+01
-5.556147821004078935e+01
-5.601115473154172975e+01
-5.644776839398822688e+01
-5.687107116841088583e+01
-5.728080866612315702e+01
-5.767672649843847665e+01
-5.805857027667030934e+01
-5.842609197184926018e+01
-5.877903083557161779e+01
-5.911713883886798016e+01
-5.944016159305181191e+01
-5.974789558717385773e+01
-6.004034082123413185e+01
-6.031754817296992854e+01
-6.057955580068423984e+01
-6.082642094183154313e+01
-6.105818811443197802e+01
-6.127490819622285301e+01
-6.147662570522432191e+01
-6.166338515945653143e+01
-6.183525015609111364e+01
-6.199224613399672990e+01
-6.213443669034501227e+01
-6.226186634315611457e+01
-6.237457961045017640e+01
-6.247263372968167516e+01
-6.255606685915358867e+01
-6.262492987660323962e+01
-6.267928001948509120e+01
-6.271914908638496655e+01
-6.274460067447449774e+01
-6.275566658233951500e+01
-6.275241040715165042e+01
-6.273487666693105069e+01
-6.270310351998069365e+01
-6.265714820375505667e+01
-6.259705523627429358e+01
-6.252287549527571286e+01
-6.243465985849661593e+01
-6.233244648423998768e+01
-6.221628625024314374e+01
-6.208623639396056149e+01
-6.194234143341237342e+01
-6.178463952690157868e+01
-6.161318791188264044e+01
-6.142803110637571251e+01
-6.122921998811810340e+01
-6.101680543484711450e+01
-6.079082560486573783e+01
-6.055133773562845079e+01
-6.029838634515539297e+01
-6.003201595146671110e+01
-5.975228379201688256e+01
-5.945923438482605405e+01
-5.915290588819720341e+01
-5.883336189930197691e+01
-5.850063421672618347e+01
-5.815478643764146938e+01
-5.779585672035081956e+01
-5.742389594259153540e+01
-5.703895498210093251e+01
-5.664111651520213542e+01
-5.623060313199588478e+01
-5.580768194060305376e+01
-5.537261368942736084e+01
-5.492566548658968628e+01
-5.446709172077658678e+01
-5.399716585982609729e+01
-5.351613593270760560e+01
-5.302427858711774888e+01
-5.252185457146023140e+01
-5.200911827442160984e+01
-5.148634316383992626e+01
-5.095378044854314936e+01
-5.041170677622790919e+01
-4.986037335572217444e+01
-4.930004729514681827e+01
-4.873099252276414717e+01
-4.815346978697787961e+01
-4.756773665633313186e+01
-4.697406977852654819e+01
-4.637271718252750929e+01
-4.576395869589122611e+01
-4.514803598786991756e+01
-4.452522888601879458e+01
-4.389579177902440676e+01
-4.325998859514905348e+01
-4.261808326265502700e+01
-4.197033652994605291e+01
-4.131701868500159236e+01
-4.065838093664960695e+01
-3.999469675272814584e+01
-3.932622370178233950e+01
-3.865321935235732553e+01
-3.797595717229114598e+01
-3.729469155027035754e+01
-3.660969277427441426e+01
-3.592121841284845374e+01
-3.522952921439618734e+01
-3.453489228703850245e+01
-3.383756837917911042e+01
-3.313782141908031065e+01
-3.243591533500439539e+01
-3.173211087535509023e+01
-3.102667196839468744e+01
-3.031985936252690195e+01
-2.961193698601403668e+01
-2.890316876711838034e+01
-2.819381545424365854e+01
-2.748414415551074441e+01
-2.677440925960619467e+01
-2.606487469479230157e+01
-2.535575987131122133e+01
-2.464728896919297441e+01
-2.393967503896255167e+01
-2.323313431100352133e+01
-2.252789096534590385e+01
-2.182415964244398054e+01
-2.112215975253990408e+01
-2.042210752601723911e+01
-1.972422078318885141e+01
-1.902872052422618054e+01
-1.833581979965421382e+01
-1.764574278950297170e+01
-1.695870254429744861e+01
-1.627492006420908055e+01
-1.559461157962144107e+01
-1.491799650077667927e+01
-1.424528946812907471e+01
-1.357671466170864960e+01
-1.291248513204039128e+01
-1.225282028936645240e+01
-1.159793874896433863e+01
-1.094805753618226341e+01
-1.030339447133308717e+01
-9.664168964658962580e+00
-9.030599631437395303e+00
-8.402901112122661331e+00
-7.781294406886203774e+00
-7.165996541076238735e+00
-6.557226527452592713e+00
-5.955200198916513976e+00
-5.360138158157121246e+00
-4.772256238075660129e+00
-4.191773848914283285e+00
-3.618908413503527211e+00
-3.053877950897413651e+00
-2.496900877632286964e+00
-1.948194815279846281e+00
-1.407978081005854865e+00
-8.764684951231732635e-01
-3.538841760564035432e-01
1.595569192470455699e-01
6.636366847838944816e-01
1.158137188449379629e+00
1.642840249712285816e+00
2.117528048259752715e+00
2.581982366296597498e+00
3.035985482880541042e+00
3.479318583992915492e+00
3.911765041767829132e+00
4.333142411819145501e+00
4.743418498078723289e+00
5.142597275369788612e+00
5.530682718515570251e+00
5.907679199821617821e+00
6.273589899146513105e+00
6.628419983760450940e+00
6.972172236039692272e+00
7.304852220736753665e+00
7.626462322745572564e+00
7.937008106818667308e+00
8.236492752814619678e+00
8.524921030521301901e+00
8.802296119797295759e+00
9.068621995465830921e+00
9.323903427314776948e+00
9.568144390167363511e+00
9.801348063882171502e+00
1.002352001321171926e+01
1.023466262304994423e+01
1.043478225311400820e+01
1.062388049333320517e+01
1.080196211349540469e+01
1.096903108842383645e+01
1.112509298287101878e+01
1.127015018173088556e+01
1.140420745479131170e+01
1.152726877687552509e+01
1.163933732784210662e+01
1.174041708251428417e+01
1.183051519557386655e+01
1.190963087205620852e+01
1.197777285657240931e+01
1.203494194408711593e+01
1.208114290438820149e+01
1.211638209719282777e+01
1.214065872753635134e+01
1.215398233499451486e+01
1.215635291956732367e+01
1.214777684097193600e+01
1.212825727906693629e+01
1.209779741371090722e+01
1.205640280965636535e+01
1.200407664676189512e+01
1.194082448978001132e+01
1.186664713367536095e+01
1.178155252809440157e+01
1.168554226296642007e+01
1.157862031311464435e+01
1.146079065336230407e+01
1.133208905711844316e+01
1.119266577270105856e+01
1.104270125708467276e+01
1.088237676220845351e+01
1.071187512994085900e+01
1.053137443236247783e+01
1.034105830630641343e+01
1.014110800371183529e+01
9.931703186588618948e+00
9.713025106875935677e+00
9.485255811477596666e+00
9.248575757368124428e+00
9.003166991451335477e+00
8.749209175737105326e+00
8.486885152093893936e+00
8.216373787566931597e+00
7.937858718989326157e+00
7.651519608370952241e+00
7.357537707650980252e+00
7.056094268768577038e+00
6.747369748698266889e+00
6.431546989308507101e+00
6.108806050091500239e+00
5.779328182986412266e+00
5.443294242450090969e+00
5.100885480421703200e+00
4.752283148840417581e+00
4.397668102163080128e+00
4.037221989811182077e+00
3.671125666241568553e+00
3.299560383393407736e+00
2.922706796982384780e+00
2.540746755171151339e+00
2.153860913675391675e+00
1.762230325693113553e+00
1.366036342534065140e+00
9.654601167668346307e-01
5.606826022188480252e-01
1.518850632505964193e-01
-2.607514096759455113e-01
-6.770456515708674905e-01
-1.096816596814839784e+00
-1.519883067996629755e+00
-1.946064111288811294e+00
-2.375178276011054024e+00
-2.807044608335932168e+00
-3.241482055065438850e+00
-3.678309364260405445e+00
-4.117345283981663329e+00
-4.558409158513528681e+00
-5.001320928363801599e+00
-5.445906098792799632e+00
-5.891992559954777775e+00
-6.339407009557022299e+00
-6.787976542789142087e+00
-7.237528254840746911e+00
-7.687889240901444765e+00
-8.138888583572459368e+00
-8.590350595667141320e+00
-9.042103564822067341e+00
-9.493975778673814148e+00
-9.945793139965022789e+00
-1.039738314136762654e+01
-1.084857248058890988e+01
-1.129918865030080610e+01
-1.174906073310453714e+01
-1.219801224684880836e+01
-1.264587465902877739e+01
-1.309246989756385915e+01
-1.353762942994921303e+01
-1.398117995389212531e+01
-1.442294657717059003e+01
-1.486275758742118747e+01
-1.530044127228049256e+01
-1.573582432945579157e+01
-1.616873186672508211e+01
-1.659899217172493735e+01
-1.702643353209193933e+01
-1.745088423546266299e+01
-1.787216779968581193e+01
-1.829011410232725865e+01
-1.870454825116499364e+01
-1.911529853383559896e+01
-1.952219323797564599e+01
-1.992505747136313587e+01
-2.032372111156393402e+01
-2.071800926635603446e+01
-2.110775022337601925e+01
-2.149276909040187888e+01
-2.187289415507019541e+01
-2.224795370501754377e+01
-2.261777443795120845e+01
-2.298218464150776796e+01
-2.334100624360663900e+01
-2.369407230167226786e+01
-2.404120951341193901e+01
-2.438223980674507274e+01
-2.471699782902540932e+01
-2.504530709810164879e+01
-2.536699272175178521e+01
-2.568190842648105843e+01
-2.599000651441073373e+01
-2.629126790638932221e+01
-2.658566557361887916e+01
-2.687317884701861814e+01
-2.715378546757846934e+01
-2.742746317628835939e+01
-2.769418971413821495e+01
-2.795394282211795911e+01
-2.820669706135893762e+01
-2.845243335270966512e+01
-2.869112943716006114e+01
-2.892275987584147501e+01
-2.914730558960241069e+01
-2.936474113957421750e+01
-2.957504426674682207e+01
-2.977819589196872840e+01
-2.997417057637128579e+01
-3.016294606094441733e+01
-3.034450008667805321e+01
-3.051881357442070097e+01
-3.068586108530370637e+01
-3.084561400059982716e+01
-3.099806278073332422e+01
-3.114317562711837439e+01
-3.128093346060348878e+01
-3.141131084232001314e+01
-3.153428869311645144e+01
-3.164984157412414945e+01
-3.175795358605019914e+01
-3.185859611016736537e+01
-3.195174370760699034e+01
-3.203738365893475049e+01
-3.211548416556481556e+01
-3.218602932820429174e+01
-3.224899370798451059e+01
-3.230435504589540585e+01
-3.235209426278548506e+01
-3.239217956006893218e+01
-3.242459821831140943e+01
-3.244932479864427677e+01
-3.246633704205744664e+01
-3.247560950968226479e+01
-3.247712312236725296e+01
-3.247085562110232360e+01
-3.245678156701882955e+01
-3.243487870110669746e+01
-3.240513112407301577e+01
-3.236750703733196133e+01
-3.232199054159062968e+01
-3.226857845699043992e+01
-3.220736617928884726e+01
-3.213846818339479938e+01
-3.206199894421724395e+01
-3.197807611652371307e+01
-3.188681417522315442e+01
-3.178832759522451923e+01
-3.168273403129533250e+01
-3.157014477848596457e+01
-3.145068385128110933e+01
-3.132445936487254912e+01
-3.119159215388640050e+01
-3.105219033351444224e+01
-3.090637791824137537e+01
-3.075426620311755954e+01
-3.059597284291053043e+01
-3.043160913267064771e+01
-3.026129590702403149e+01
-3.008514446102104856e+01
-2.990327562928780125e+01
-2.971580070687466701e+01
-2.952283416869058996e+01
-2.932449684936167955e+01
-2.912090004393830611e+01
-2.891215822732941731e+01
-2.869839223416112262e+01
-2.847971335948379235e+01
-2.825623925806495507e+01
-2.802808758467214290e+01
-2.779536963435571906e+01
-2.755819988202463833e+01
-2.731669916230500306e+01
-2.707097877024718713e+01
-2.682115954047730000e+01
-2.656735276804571200e+01
-2.630967451779065769e+01
-2.604824244447966919e+01
-2.578316784316311328e+01
-2.551456995853780896e+01
-2.524256644537129191e+01
-2.496726700878463490e+01
-2.468879089347465694e+01
-2.440725416427959971e+01
-2.412276970617911687e+01
-2.383545517394074764e+01
-2.354542663240272304e+01
-2.325279696654470385e+01
-2.295768383113422217e+01
-2.266020488093880303e+01
-2.236047141100881674e+01
-2.205860425597037633e+01
-2.175472743030817213e+01
-2.144896653843619561e+01
-2.114145195455629533e+01
-2.083230769315317588e+01
-2.052166253849939537e+01
-2.020964368493823571e+01
-1.989637832681297169e+01
-1.958199206853758412e+01
-1.926661528431393933e+01
-1.895037039869743012e+01
-1.863339096574850373e+01
-1.831579623016398273e+01
-1.799771974600430013e+01
-1.767928711768344741e+01
-1.736062394961540534e+01
-1.704185743614344872e+01
-1.672311795146944036e+01
-1.640452792014878369e+01
-1.608621771638333087e+01
-1.576831294458707333e+01
-1.545094238903257455e+01
-1.513423165413381888e+01
-1.481830793423408466e+01
-1.450329842367664668e+01
-1.418933190673407196e+01
-1.387653398782034664e+01
-1.356503186127874550e+01
-1.325495431138183555e+01
-1.294642614757895771e+01
-1.263957456421338676e+01
-1.233452993548698018e+01
-1.203141468595514318e+01
-1.173036077974902192e+01
-1.143149064142402338e+01
-1.113493464518200149e+01
-1.084081919040158937e+01
-1.054927147142606181e+01
-1.026041788763405016e+01
-9.974387223298121441e+00
-9.691304287867614775e+00
-9.411298660579742403e+00
-9.134495150883845227e+00
-8.861022543052488487e+00
-8.591008031428948755e+00
-8.324578015391857377e+00
-8.061859689284490926e+00
-7.802980247450123308e+00
-7.548066884232031981e+00
-7.297246793973492629e+00
-7.050631271724871141e+00
-6.808264040541669893e+00
-6.570173719151125802e+00
-6.336388926280474898e+00
-6.106937088209987152e+00
-5.881846823666899482e+00
-5.661146751378448805e+00
-5.444864695107226815e+00
-5.233029273580470431e+00
-5.025667913078448734e+00
-4.822809629810722143e+00
-4.624482645022204075e+00
-4.430714782475486224e+00
-4.241534263415482897e+00
-4.056970104051755399e+00
-3.877049730664570593e+00
-3.701801364498844116e+00
-3.531253624281812886e+00
-3.365434731258391210e+00
-3.204372906673493393e+00
-3.048095974289710686e+00
-2.896632950316603505e+00
-2.750011261034440491e+00
-2.608259723911620309e+00
-2.471406361451895961e+00
-2.339479394900181308e+00
-2.212506846760230239e+00
-2.090517534500440533e+00
-1.973539083142242356e+00
-1.861600111412873515e+00
-1.754728641816086343e+00
-1.652953193708537771e+00
-1.556301789593980356e+00
-1.464802650717328625e+00
-1.378484097694077981e+00
-1.297374351769142287e+00
-1.221501634187436069e+00
-1.150894166193873858e+00
-1.085580268403950610e+00
-1.025588162062580855e+00
-9.709459690440979118e-01
-9.216820099639970731e-01
-8.778246054377734087e-01
-8.394017779691798076e-01
-8.064418978590017772e-01
-7.789732857227342766e-01
-7.570241131200015072e-01
-7.406225516104272266e-01
-7.297969218095068378e-01
-7.245753952768639872e-01
-7.249692008881163385e-01
-7.309212502446604809e-01
-7.423574625785963610e-01
-7.592037074367332661e-01
-7.813858543658805944e-01
-8.088297729128479663e-01
-8.414614319950254329e-01
-8.792066514739320660e-01
-9.219913505816675903e-01
-9.697413988650415151e-01
-1.022382566500282586e+00
-1.079840921775361506e+00
-1.142042234866507133e+00
-1.208912574061690171e+00
-1.280377510795978058e+00
-1.356363113357341721e+00
-1.436795350663171211e+00
-1.521599893519114399e+00
-1.610702810213142211e+00
-1.704029970292064045e+00
-1.801507143932108868e+00
-1.903060300050666509e+00
-2.008615308194546589e+00
-2.118097839169397201e+00
-2.231434358745511659e+00
-2.348550140246215445e+00
-2.469371450700640569e+00
-2.593823960914435567e+00
-2.721833540434409393e+00
-2.853326257548532752e+00
-2.988227981803615485e+00
-3.126464185264144380e+00
-3.267961333700412307e+00
-3.412645296659229555e+00
-3.560441546205082020e+00
-3.711275753143618239e+00
-3.865074780727454584e+00
-4.021763504797593036e+00
-4.181268391124327799e+00
-4.343515110513306965e+00
-4.508429731252499906e+00
-4.675937924147556934e+00
-4.845965757486447423e+00
-5.018438902074819907e+00
-5.193283426200644648e+00
-5.370425398151893681e+00
-5.549790091251890267e+00
-5.731303971270929942e+00
-5.914892311532337743e+00
-6.100481577806405653e+00
-6.287994658522523928e+00
-6.477340927711108698e+00
-6.668428169473283873e+00
-6.861161783016238580e+00
-7.055450347405741951e+00
-7.251199261848984001e+00
-7.448316310447089528e+00
-7.646708482336536328e+00
-7.846281971689159640e+00
-8.046943767641439038e+00
-8.248602449259143654e+00
-8.451162620784817392e+00
-8.654531271354938937e+00
-8.858616185070635751e+00
-9.063325146033028190e+00
-9.268563553449308046e+00
-9.474238396455954003e+00
-9.680257459154091748e+00
-9.886526935715552966e+00
-1.009295302031217290e+01
-1.029944429200972067e+01
-1.050590615001538808e+01
-1.071224637843029726e+01
-1.091837117142628166e+01
-1.112418831310446699e+01
-1.132960479260133368e+01
-1.153452600912407000e+01
-1.173885895180915284e+01
-1.194251219972235489e+01
-1.214539194703550962e+01
-1.234740438792045225e+01
-1.254845730647830493e+01
-1.274845610191625767e+01
-1.294730935330007959e+01
-1.314492325480160773e+01
-1.334120479555731720e+01
-1.353606016973904502e+01
-1.372939875137720556e+01
-1.392112355478505314e+01
-1.411114395399300037e+01
-1.429936614317288246e+01
-1.448569790642582511e+01
-1.467004543792366000e+01
-1.485231493183822415e+01
-1.503241417227064147e+01
-1.521024935339274364e+01
-1.538572825930565813e+01
-1.555875708418121661e+01
-1.572924361212054656e+01
-1.589709244736618921e+01
-1.606222568338288781e+01
-1.622459721222120876e+01
-1.638418000508319849e+01
-1.654094385331233497e+01
-1.669485854825208904e+01
-1.684589388124592801e+01
-1.699401964363732986e+01
-1.713920721669905589e+01
-1.728142639177457696e+01
-1.742064537027807702e+01
-1.755683394355301985e+01
-1.768996508280146784e+01
-1.782000698943760142e+01
-1.794692786487559744e+01
-1.807070227024680165e+01
-1.819129681703610402e+01
-1.830868129658697896e+01
-1.842282868010147823e+01
-1.853370557906449179e+01
-1.864128337474878450e+01
-1.874553344842711766e+01
-1.884642241158437770e+01
-1.894392323542262702e+01
-1.903800571128532937e+01
-1.912863804058667228e+01
-1.921579160459941349e+01
-1.929943619466702742e+01
-1.937954319206227893e+01
-1.945607920827005088e+01
-1.952901721449240569e+01
-1.959832700207281064e+01
-1.966397677242544617e+01
-1.972593790682307713e+01
-1.978418019660917793e+01
-1.983867343312721232e+01
-1.988938740772066183e+01
-1.993629350166228420e+01
-1.997935991636625985e+01
-2.001855644317605964e+01
-2.005385446336445199e+01
-2.008522535820419819e+01
-2.011263573918018466e+01
-2.013605698756517626e+01
-2.015546207456122474e+01
-2.017081602172393318e+01
-2.018209021032606287e+01
-2.018925602164037869e+01
-2.019228483693963838e+01
-2.019114326770873546e+01
-2.018580269522043480e+01
-2.017624722018182126e+01
-2.016250864117871799e+01
-2.014463306616056215e+01
-2.012266660307679089e+01
-2.009665694980613182e+01
-2.006664862436873165e+01
-2.003268932464331797e+01
-1.999482197872075062e+01
-1.995309746433833809e+01
-1.990755870958693308e+01
-1.985825341234527031e+01
-1.980522450070419893e+01
-1.974852285240103100e+01
-1.968819139552662278e+01
-1.962427623803041499e+01
-1.955682666772042211e+01
-1.948588561268750041e+01
-1.941149918088109061e+01
-1.933371507017992030e+01
-1.925257938853342665e+01
-1.916813665396175637e+01
-1.908043774420221794e+01
-1.898952081755779631e+01
-1.889543993162438440e+01
-1.879823642456354449e+01
-1.869795640432471373e+01
-1.859464756878662328e+01
-1.848835761582800075e+01
-1.837912947353970239e+01
-1.826701401965904026e+01
-1.815204941248899217e+01
-1.803428970962545108e+01
-1.791377624922998635e+01
-1.779055831911061603e+01
-1.766468043728748327e+01
-1.753618871171002880e+01
-1.740512925032768976e+01
-1.727154816108990332e+01
-1.713549155194610663e+01
-1.699700553084573684e+01
-1.685613779566752513e+01
-1.671293286443161463e+01
-1.656743843501673297e+01
-1.641969743551374350e+01
-1.626975915373065718e+01
-1.611766810768762426e+01
-1.596347199526337235e+01
-1.580721533447804994e+01
-1.564894423328109241e+01
-1.548870797948052136e+01
-1.532655109109647995e+01
-1.516254352501777447e+01
-1.499675046834533099e+01
-1.482924346789724268e+01
-1.466008930070372784e+01
-1.448935792365359276e+01
-1.431711770370634440e+01
-1.414343700782149504e+01
-1.396838420295855521e+01
-1.379202924600632763e+01
-1.361444050392432281e+01
-1.343568634367204950e+01
-1.325583592717366699e+01
-1.307495762138868578e+01
-1.289312058824125984e+01
-1.271039239972625623e+01
-1.252684380769712291e+01
-1.234254238414872518e+01
-1.215755649604057176e+01
-1.197195689522611239e+01
-1.178580956377092015e+01
-1.159918366359915254e+01
-1.141214915159961052e+01
-1.122477598466109505e+01
-1.103713014484918276e+01
-1.084928238401731981e+01
-1.066130027416036974e+01
-1.047325218223784660e+01
-1.028520806513855135e+01
-1.009723708478663795e+01
-9.909406018212330025e+00
-9.721784822304426754e+00
-9.534442658987085650e+00
-9.347447895219817227e+00
-9.160868897962131996e+00
-8.974774829138187471e+00
-8.789234055707492388e+00
-8.604315739594204260e+00
-8.420088247757835376e+00
-8.236620742122541472e+00
-8.053981589647831285e+00
-7.872239952257863216e+00
-7.691464196912146889e+00
-7.511722690570194594e+00
-7.333085390120807290e+00
-7.155620662523495490e+00
-6.979396079773125372e+00
-6.804481598758498784e+00
-6.630945983921448850e+00
-6.458857204739163471e+00
-6.288278460900959210e+00
-6.119245525815880882e+00
-5.951789800587425461e+00
-5.785941493872121200e+00
-5.621729621879527627e+00
-5.459186778160108666e+00
-5.298341183958780398e+00
-5.139224637861359746e+00
-4.981866951042054126e+00
-4.826298332157390014e+00
-4.672549387346219163e+00
-4.520650722747391548e+00
-4.370632149535112809e+00
-4.222524671330556423e+00
-4.076358099307928029e+00
-3.932163039606078492e+00
-3.789969303399212563e+00
-3.649808291790826775e+00
-3.511709815955126768e+00
-3.375703687066317737e+00
-3.241821306227895327e+00
-3.110092484614065622e+00
-2.980547828363679486e+00
-2.853217347392102532e+00
-2.728131449097025651e+00
-2.605320739617298376e+00
-2.484815427609449401e+00
-2.366645920471168285e+00
-2.250842625600144142e+00
-2.137435751652905225e+00
-2.026455904768301952e+00
-1.917933293602862799e+00
-1.811898126813115795e+00
-1.708381010537911582e+00
-1.607412252804358843e+00
-1.509022261010147137e+00
-1.413241343182385146e+00
-1.320099608607020247e+00
-1.229627862164064833e+00
-1.141856113768885184e+00
-1.056815068930913037e+00
-9.745347375655152300e-01
-8.950457258115421810e-01
-8.183781926402318163e-01
-7.445627441904349997e-01
-6.736294897480989974e-01
-6.056089857667842358e-01
-5.405314905883091825e-01
-4.784274116103632291e-01
-4.193271065453454960e-01
-3.632518158548772580e-01
-3.101863606827590103e-01
-2.601064946073037287e-01
-2.129879215215340349e-01
-1.688063453184726337e-01
-1.275375195764325287e-01
-8.915713576711377375e-02
-5.364094746882941411e-02
-2.096465857460208873e-02
8.896004508898353036e-03
3.596532158566335263e-02
6.026756780168838340e-02
8.182701519763826981e-02
1.006679629858210079e-01
1.168146637985848640e-01
1.302914013215846212e-01
1.411224716617975883e-01
1.493321336622333573e-01
1.549446710085466694e-01
1.579843673863922937e-01
1.584754816387797804e-01
1.564423098726865080e-01
1.519091109311220267e-01
1.449001933423862687e-01
1.354398159494888398e-01
1.235522624380844398e-01
1.092617916511826881e-01
9.259270590642219856e-02
7.356927646813513078e-02
5.221577460065367216e-02
2.855648088430191855e-02
2.615672794073322163e-03
-2.558236908970800555e-02
-5.601337039737925433e-02
-8.865304744328567077e-02
-1.234771382790870314e-01
-1.604613405871447018e-01
-1.995813893137877992e-01
-2.408130007733615963e-01
-2.841319161228564871e-01
-3.295138392552952045e-01
-3.769344989063454499e-01
-4.263695989690299837e-01
-4.777949178643070005e-01
-5.311860849572636045e-01
-5.865189531967933689e-01
-6.437690774200481858e-01
-7.029123105759216283e-01
-7.639244062427266169e-01
-8.267809192576148769e-01
-8.914538768021236237e-01
-9.579000029883650846e-01
-1.026072394902255880e+00
-1.095923851517971226e+00
-1.167407469921427854e+00
-1.240476148457381411e+00
-1.315082884841168198e+00
-1.391180577417543640e+00
-1.468722223901844481e+00
-1.547660822009406578e+00
-1.627949369455566231e+00
-1.709540665214498434e+00
-1.792388104483862321e+00
-1.876444088755509831e+00
-1.961661913856519668e+00
-2.047994478131646812e+00
-2.135394679925647576e+00
-2.223815815065599555e+00
-2.313210384413936005e+00
-2.403531485056574102e+00
-2.494732412820591883e+00
-2.586765668568422161e+00
-2.679584548127143417e+00
-2.773141949841511078e+00
-2.867390772056281012e+00
-2.962283913116208200e+00
-3.057774470107210263e+00
-3.153815341374042625e+00
-3.250359624002622461e+00
-3.347360415078866058e+00
-3.444770215465206675e+00
-3.542542122247561487e+00
-3.640629629994169836e+00
-3.738984643343980618e+00
-3.837561054347556233e+00
-3.936311562608490799e+00
-4.035189662695024104e+00
-4.134147259246105044e+00
-4.233137846829973405e+00
-4.332114522532545919e+00
-4.431029985957416706e+00
-4.529837334190503384e+00
-4.628489664317721797e+00
-4.726939675942666952e+00
-4.825140863633578192e+00
-4.923045529511727025e+00
-5.020606770663031071e+00
-5.117778081655728784e+00
-5.214511764611093447e+00
-5.310761314097362629e+00
-5.406482609576714005e+00
-5.501645839874941935e+00
-5.596223578711776447e+00
-5.690189194771596348e+00
-5.783515659256453390e+00
-5.876176340850724600e+00
-5.968144210756464396e+00
-6.059391842693404584e+00
-6.149892605345919527e+00
-6.239619072433741920e+00
-6.328545805088216625e+00
-6.416644979546751060e+00
-6.503889169529077030e+00
-6.590252538684216788e+00
-6.675706865767255138e+00
-6.760226711909537833e+00
-6.843783855866149679e+00
-6.926351268839144204e+00
-7.007903511959868048e+00
-7.088412761465727741e+00
-7.167851988558777698e+00
-7.246194164441072338e+00
-7.323412260314664302e+00
-7.399480837310899339e+00
-7.474371276702540534e+00
-7.548056549691640527e+00
-7.620510422444899845e+00
-7.691706661129017242e+00
-7.761617441981401022e+00
-7.830215736204104715e+00
-7.897475309963828849e+00
-7.963368339497980841e+00
-8.027868590973259444e+00
-8.090949035591719962e+00
-8.152581849590770702e+00
-8.212742389066400861e+00
-8.271401240326728299e+00
-8.328532169538451768e+00
-8.384108942868271797e+00
-8.438104531518241913e+00
-8.490491111725768647e+00
-8.541242449657554303e+00
-8.590332311480295857e+00
-8.637732078466756391e+00
-8.683416311748283434e+00
-8.727357187562281737e+00
-8.769528472075451830e+00
-8.809902341525203795e+00
-8.848453357042879830e+00
-8.885152899901244794e+00
-8.919981095984161001e+00
-8.952942715079499791e+00
-8.984048886692301394e+00
-9.013309945362953712e+00
-9.040737020596495199e+00
-9.066341241897962533e+00
-9.090132943807745391e+00
-9.112123255830880453e+00
-9.132324102437053170e+00
-9.150745023202004447e+00
-9.167397942595419735e+00
-9.182293195157690491e+00
-9.195441910393849838e+00
-9.206854422844292785e+00
-9.216543451943344678e+00
-9.224517742302106527e+00
-9.230790013354907231e+00
-9.235369804677489469e+00
-9.238269040739538696e+00
-9.239497261116797588e+00
-9.239067185243595048e+00
-9.236988352695677307e+00
-9.233272687942726265e+00
-9.227930525525133376e+00
-9.220972199983288320e+00
-9.212410430751519996e+00
-9.202253962440927637e+00
-9.190516309450485366e+00
-9.177205421426648968e+00
-9.162334017803742015e+00
-9.145914023051451736e+00
-9.127954181780875587e+00
-9.108465623497050245e+00
-9.087460272669657613e+00
-9.064949258803734367e+00
-9.040942916439673738e+00
-9.015451580117863628e+00
-8.988487174307989491e+00
-8.960060033550439229e+00
-8.930181287350253072e+00
-8.898862860177111145e+00
-8.866113496642112679e+00
-8.831945916179586575e+00
-8.796370453329924288e+00
-8.759398237598160719e+00
-8.721038808560043876e+00
-8.681305680614546105e+00
-8.640207598372766640e+00
-8.597756486304389156e+00
-8.553963473914448556e+00
-8.508841280637273741e+00
-8.462416140306165957e+00
-8.414717466613005570e+00
-8.365771493391093827e+00
-8.315607634332314646e+00
-8.264255303128551944e+00
-8.211741528577746863e+00
-8.158094929407141649e+00
-8.103344124343971444e+00
-8.047517732115471389e+00
-7.990643576484236732e+00
-7.932751071142147836e+00
-7.873868039851796397e+00
-7.814023101340420219e+00
-7.753244079370610109e+00
-7.691559592669603873e+00
-7.628997464999993205e+00
-7.565587905018306358e+00
-7.501357941522488026e+00
-7.436336193239776904e+00
-7.370551278897409908e+00
-7.304031022257977845e+00
-7.236804042048718522e+00
-7.168899751961514077e+00
-7.100345180794310984e+00
-7.031169742238992271e+00
-6.961401260058147855e+00
-6.891067558014371208e+00
-6.820198844764189694e+00
-6.748822149105549784e+00
-6.676966089765688395e+00
-6.604658887989518945e+00
-6.531929162504280129e+00
-6.458805929519530586e+00
-6.385317012797862901e+00
-6.311490633584190491e+00
-6.237355013123428549e+00
-6.162939167625136605e+00
-6.088271318334228965e+00
-6.013379686495619936e+00
-5.938293288318869045e+00
-5.863039947566568877e+00
-5.787647885483633736e+00
-5.712146118279622264e+00
-5.636562072234804432e+00
-5.560925558523384993e+00
-5.485264003425633028e+00
-5.409605628186463733e+00
-5.333979846497758359e+00
-5.258414084639785990e+00
-5.182936961339784432e+00
-5.107576300360345378e+00
-5.032358335534768301e+00
-4.957310890625646671e+00
-4.882461391913247795e+00
-4.807836868195518143e+00
-4.733463950788082464e+00
-4.659370860935853287e+00
-4.585583832472131860e+00
-4.512131086641833377e+00
-4.439038857278257311e+00
-4.366335365626318854e+00
-4.294046845519318367e+00
-4.222201120719848433e+00
-4.150825220025853746e+00
-4.079946569717603388e+00
-4.009592198593044721e+00
-3.939789135450122437e+00
-3.870565204051429120e+00
-3.801946638230265130e+00
-3.733961659231545216e+00
-3.666636898370892350e+00
-3.599999781928575615e+00
-3.534077736184863650e+00
-3.468897392455380313e+00
-3.404486177020394244e+00
-3.340871913642497137e+00
-3.278081233637312408e+00
-3.216141364543947390e+00
-3.155079732642671164e+00
-3.094923366731429759e+00
-3.035699693090492701e+00
-2.977435541776643824e+00
-2.920158736552475265e+00
-2.863895908733610440e+00
-2.808674683341479295e+00
-2.754522089174028299e+00
-2.701465353770365230e+00
-2.649531903410758726e+00
-2.598748568151993066e+00
-2.549142774274338219e+00
-2.500741749316900631e+00
-2.453572919559949828e+00
-2.407663115060270531e+00
-2.363039563356970074e+00
-2.319729889471478845e+00
-2.277760923460581566e+00
-2.237160091604546874e+00
-2.197954621442482992e+00
-2.160171740513497252e+00
-2.123828938039789449e+00
-2.088906936128707592e+00
-2.055376718570691263e+00
-2.023209467897342684e+00
-1.992375770416778380e+00
-1.962846808660600351e+00
-1.934593566419248845e+00
-1.907587226224325416e+00
-1.881798573125108343e+00
-1.857198789653199844e+00
-1.833758660857878198e+00
-1.811449369270744958e+00
-1.790241898682240596e+00
-1.770107232882804915e+00
-1.751016355662878388e+00
-1.732940250812900818e+00
-1.715849902123312676e+00
-1.699716492125715517e+00
-1.684510805869387617e+00
-1.670204025885931198e+00
-1.656767036595205189e+00
-1.644171020528811367e+00
-1.632386762736028452e+00
-1.621385247007296471e+00
-1.611137854615378506e+00
-1.601615072497811321e+00
-1.592788381297938205e+00
-1.584628466694457671e+00
-1.577106312477809524e+00
-1.570193001809014666e+00
-1.563859816590255525e+00
-1.558077343129649295e+00
-1.552816863329378183e+00
-1.548049360979882438e+00
-1.543745720501021657e+00
-1.539877025053816295e+00
-1.536414258428706825e+00
-1.533328205674971967e+00
-1.530590248065374581e+00
-1.528171270019774042e+00
-1.526042155958029944e+00
-1.524174088411743844e+00
-1.522537951800775113e+00
-1.521104729915564002e+00
-1.519845505917131190e+00
-1.518731164225336272e+00
-1.517732986742361456e+00
-1.516821559776323936e+00
-1.515968363970567667e+00
-1.515143985633209844e+00
