# k_h
1.040779989125439897e-05
1.149238414654973894e-05
1.268999039893969893e-05
1.401239751430694014e-05
1.547261126688681543e-05
1.708499257802031934e-05
1.886539757833816111e-05
2.083133585983887315e-05
2.300214146089274436e-05
2.539916567911859602e-05
2.804597897920757532e-05
3.096861473750323057e-05
3.419581480557098985e-05
3.775931327254511416e-05
4.169416570221073925e-05
4.603905836120247841e-05
5.083673022454604506e-05
5.613435860141180456e-05
6.198405026225373149e-05
6.844332528999075294e-05
7.557571370853111148e-05
8.345136302523314953e-05
9.214771853294223547e-05
1.017503163893707097e-04
1.123535839724354446e-04
1.240618003066629171e-04
1.369901292491704226e-04
1.512656890554353595e-04
1.670288911554962397e-04
1.844347571022808552e-04
2.036544610746204853e-04
2.248770324513316154e-04
2.483111748006194830e-04
2.741873613558709621e-04
3.027600760105997324e-04
3.343102871440351009e-04
3.691483289003372192e-04
4.076168115716427565e-04
4.500940267462283373e-04
4.969977308064699173e-04
5.487892194651067257e-04
6.059778388589620590e-04
6.691259914077818394e-04
7.388547528535127640e-04
8.158498676493763924e-04
9.008685010485351086e-04
9.947468061000108719e-04
1.098408130928874016e-03
1.212871866300702095e-03
1.339263631962239742e-03
1.478826510719954967e-03
1.632933155633509159e-03
1.803098944947123528e-03
1.990997698158025742e-03
2.198476810008287430e-03
2.427577273920178413e-03
2.680551959201693535e-03
2.959888894110918045e-03
3.268335014581680298e-03
3.608923871070146561e-03
3.985005430877208710e-03
4.400277510285377502e-03
4.858824424445629120e-03
5.365156568586826324e-03
5.924252327531576157e-03
6.541611161082983017e-03
7.223303895443677902e-03
7.976034656167030334e-03
8.807207457721233368e-03
9.724995121359825134e-03
1.073842402547597885e-02
1.185746118426322937e-02
1.309311203658580780e-02
1.445752847939729691e-02
1.596412807703018188e-02
1.762772910296916962e-02
1.946469210088253021e-02
2.149308286607265472e-02
2.373284846544265747e-02
2.620601840317249298e-02
2.893691323697566986e-02
3.195239230990409851e-02
3.528210893273353577e-02
3.895881026983261108e-02
4.301865771412849426e-02
4.732052609324455261e-02
5.162239074707031250e-02
5.592425912618637085e-02
6.022612378001213074e-02
6.452798843383789062e-02
6.882985681295394897e-02
7.313172519207000732e-02
7.743358612060546875e-02
8.173545449972152710e-02
8.603732287883758545e-02
9.033918380737304688e-02
9.675785899162292480e-02
1.031765267252922058e-01
1.095951944589614868e-01
1.160138621926307678e-01
1.224325299263000488e-01
1.288512051105499268e-01
1.352698653936386108e-01
1.416885405778884888e-01
1.481072157621383667e-01
1.545258760452270508e-01
1.609445512294769287e-01
1.673632115125656128e-01
1.737818866968154907e-01
1.802005618810653687e-01
1.866192221641540527e-01
1.930378973484039307e-01
1.994565576314926147e-01
2.058752328157424927e-01
2.122938930988311768e-01
2.187125682830810547e-01
2.251312434673309326e-01
2.315499037504196167e-01
2.379685789346694946e-01
2.443872392177581787e-01
2.508059144020080566e-01
2.572245895862579346e-01
2.636432647705078125e-01
2.700619101524353027e-01
2.764805853366851807e-01
2.828992605209350586e-01
2.893179357051849365e-01
2.957366108894348145e-01
3.021552562713623047e-01
3.085739314556121826e-01
3.149926066398620605e-01
3.214112818241119385e-01
3.278299570083618164e-01
3.342486023902893066e-01
3.406672775745391846e-01
3.470859527587890625e-01
3.535046279430389404e-01
3.599233031272888184e-01
3.663419485092163086e-01
3.727606236934661865e-01
3.791792988777160645e-01
3.855979740619659424e-01
3.920166492462158203e-01
3.984352946281433105e-01
4.048539698123931885e-01
4.112726449966430664e-01
4.176913201808929443e-01
4.241099953651428223e-01
4.305286407470703125e-01
4.369473159313201904e-01
4.433659911155700684e-01
4.497846662998199463e-01
4.562033116817474365e-01
4.626219868659973145e-01
4.690406620502471924e-01
4.754593372344970703e-01
4.818780124187469482e-01
4.882966578006744385e-01
4.947153329849243164e-01
5.011340379714965820e-01
5.075526833534240723e-01
5.139713287353515625e-01
5.203900337219238281e-01
6.164098381996154785e-01
8.602692484855651855e-01
1.200602531433105469e+00
1.675575733184814453e+00
2.338454246520996094e+00
3.263575792312622070e+00
4.554687023162841797e+00
6.356577873229980469e+00
8.871318817138671875e+00
1.238092327117919922e+01
1.727897071838378906e+01
2.411474609375000000e+01
3.365483856201171875e+01
4.696910858154296875e+01
6.555067443847656250e+01
9.148333740234375000e+01
