# d_l
# unit = Mpc
0.000000000000000000e+00
4.459307693956525043e+01
8.985873040996855821e+01
1.357895807237991050e+02
1.823782682175209970e+02
2.296174561604198345e+02
2.774998335757155132e+02
3.260181179718296676e+02
3.751650579821182987e+02
4.249334359116203927e+02
4.753160701896860587e+02
5.263058177275677281e+02
5.778955761803448468e+02
6.300782861127867136e+02
6.828469330689893013e+02
7.361945495458411415e+02
7.901142168706298889e+02
8.445990669832227695e+02
8.996422841235412307e+02
9.552371064251582311e+02
1.011376827416054084e+03
1.068054797427705807e+03
1.125264424913851371e+03
1.182999177680379717e+03
1.241252584027941566e+03
1.300018233808989635e+03
1.359289779401031183e+03
1.419060936598007856e+03
1.479325485421768235e+03
1.540077270855683992e+03
1.601310203502507420e+03
1.663018260168649931e+03
1.725195484377067487e+03
1.787835986811001476e+03
1.850933945690836026e+03
1.914483607086359143e+03
1.978479285166729142e+03
2.042915362390441715e+03
2.107786289637583195e+03
2.173086586286719466e+03
2.238810840238614674e+03
2.304953707889138968e+03
2.371509914053521243e+03
2.438474251844220362e+03
2.505841582504563576e+03
2.573606835200323530e+03
2.641765006771325261e+03
2.710311161445166363e+03
2.779240430515074877e+03
2.848548011983885772e+03
2.918229170176070511e+03
2.988279235319702821e+03
3.058693603100209657e+03
3.129467734187662700e+03
3.200597153739381611e+03
3.272077450879489788e+03
3.343904278157059707e+03
3.416073350984445824e+03
3.488580447057279798e+03
3.561421405757580942e+03
3.634592127541500759e+03
3.708088573312869812e+03
3.781906763784053510e+03
3.856042778825187725e+03
3.930492756803132124e+03
4.005252893911194860e+03
4.080319443490796857e+03
4.155688715346031131e+03
4.231357075052259461e+03
4.307320943259532214e+03
4.383576794991894531e+03
4.460121158943325099e+03
4.536950616771193381e+03
4.614061802387994248e+03
4.691451401252091273e+03
4.769116149658148970e+03
4.847052834027980680e+03
4.925258290202325952e+03
5.003729402734227733e+03
5.082463104184536860e+03
5.161456374420016800e+03
5.240706239914614343e+03
5.320209773054243669e+03
5.399964091445634040e+03
5.479966357229476671e+03
5.560213776398417394e+03
5.640703598120039715e+03
5.721433114065352129e+03
5.802399657742901582e+03
5.883600603838866846e+03
5.965033367563361935e+03
6.046695404003184194e+03
6.128584207481151680e+03
6.210697310922317229e+03
6.293032285227089233e+03
6.375586738651572887e+03
6.458358316195110092e+03
6.541344698995207182e+03
6.624543603729986899e+03
6.707952782028166439e+03
6.791570019886707996e+03
6.875393137096151804e+03
6.959419986673758103e+03
7.043648454304376173e+03
7.128076457789195047e+03
7.212701946502338615e+03
7.297522900855286025e+03
7.382537331769161028e+03
7.467743280154894819e+03
7.553138816401198710e+03
7.638722039870376648e+03
7.724491078401892082e+03
7.810444087823708287e+03
7.896579251471336647e+03
7.982894779714585638e+03
8.069388909491854065e+03
8.156059903852039497e+03
8.242906051503945491e+03
8.329925666373135755e+03
8.417117087166121564e+03
8.504478676941886079e+03
8.592008822690650049e+03
8.679705934919773426e+03
8.767568447246745563e+03
8.855594815999162165e+03
8.943783519821627124e+03
9.032133059289519224e+03
9.120641956529447270e+03
9.209308754846424563e+03
9.298132018357582638e+03
9.387110331632393354e+03
9.476242299339290184e+03
9.565526545898579570e+03
9.654961715141575041e+03
9.744546469975897708e+03
9.834279492056766685e+03
9.924159481464224882e+03
1.001418515638630925e+04
1.010435525280787078e+04
1.019466852420514988e+04
1.028512374124589587e+04
1.037571969149501092e+04
1.046645517912553441e+04
1.055732902463504797e+04
1.064834006456720454e+04
1.073948715123842885e+04
1.083076915246970930e+04
1.092218495132329917e+04
1.101373344584432380e+04
1.110541354880716790e+04
1.119722418746658514e+04
1.128916430331343508e+04
1.138123285183496228e+04
1.147342880227949172e+04
1.156575113742559552e+04
1.165819885335550680e+04
1.175077095923274828e+04
1.184346647708392265e+04
1.193628444158459934e+04
1.202922389984915026e+04
1.212228391122456924e+04
1.221546354708802210e+04
1.230876189064832761e+04
1.240217803675102914e+04
1.249571109168716248e+04
1.258936017300552885e+04
1.268312440932851678e+04
1.277700294017137094e+04
1.287099491576474793e+04
1.296509949688067172e+04
1.305931585466166143e+04
1.315364317045301868e+04
1.324808063563833457e+04
1.334262745147791429e+04
1.343728282895031225e+04
1.353204598859671387e+04
1.362691616036826781e+04
1.372189258347622490e+04
1.381697450624478370e+04
1.391216118596674823e+04
1.400745188876179600e+04
1.410284588943733252e+04
1.419834247135196892e+04
1.429394092628142971e+04
1.438964055428700885e+04
1.448544066358635791e+04
1.458134057042667700e+04
1.467733959896020497e+04
1.477343708112201057e+04
1.486963235650997740e+04
1.496592477226697702e+04
1.506231368296521578e+04
1.515879845049260985e+04
1.525537844394129388e+04
1.535205303949811605e+04
1.544882162033704299e+04
1.554568357651366568e+04
1.564263830486138795e+04
1.573968520888968851e+04
1.583682369868400565e+04
1.593405319080762092e+04
1.603137310820510356e+04
1.612878288010761571e+04
1.622628194193980926e+04
1.632386973522843800e+04
1.642154570751254505e+04
1.651930931225525273e+04
1.661716000875713507e+04
1.671509726207109998e+04
1.681312054291872482e+04
1.691122932760808544e+04
1.700942309795313122e+04
1.710770134119428258e+04
1.720606354992049455e+04
1.730450922199275738e+04
1.740303786046878304e+04
1.750164897352912521e+04
1.760034207440441605e+04
1.769911668130412727e+04
1.779797231734617526e+04
1.789690851048813784e+04
1.799592479345933680e+04
1.809502070369424109e+04
1.819419578326699047e+04
1.829344957882699237e+04
1.839278164153558828e+04
1.849219152700391714e+04
1.859167879523168813e+04
1.869124301054705575e+04
1.879088373140767726e+04
1.889060055052521420e+04
1.899039303508723242e+04
1.909026076615394049e+04
1.919020332882807998e+04
1.929022031220062490e+04
1.939031130929728170e+04
1.949047591702593127e+04
1.959071373612494426e+04
1.969102437111232939e+04
1.979140743023572213e+04
1.989186252542319198e+04
1.999238927223483552e+04
2.009298728981518434e+04
2.019365620084642069e+04
2.029439563150220420e+04
2.039520521140250639e+04
2.049608457356883446e+04
2.059703335438051363e+04
2.069805119353142436e+04
2.079913773398759440e+04
2.090029262194529292e+04
2.100151550679004140e+04
2.110280604105601014e+04
2.120416388038622244e+04
2.130558868349336626e+04
2.140708011212117344e+04
2.150863783100647561e+04
2.161026150784175479e+04
2.171195081323837439e+04
2.181370542069039220e+04
2.191552500653883180e+04
2.201740924993658336e+04
2.211935783281385375e+04
2.222137043984414777e+04
2.232344675841072967e+04
2.242558647857361211e+04
2.252778929303715631e+04
2.263005489711792688e+04
2.273238298871338338e+04
2.283477326827065554e+04
2.293722543875613701e+04
2.303973920562531566e+04
2.314231427679317858e+04
2.324495036260495544e+04
2.334764717580742581e+04
2.345040443152059015e+04
2.355322184720969744e+04
2.365609914265784755e+04
2.375903603993887737e+04
2.386203226339064713e+04
2.396508753958877787e+04
2.406820159732080720e+04
2.417137416756059247e+04
2.427460498344318330e+04
2.437789378024011239e+04
2.448124029533489011e+04
2.458464426819897926e+04
2.468810544036811916e+04
2.479162355541888974e+04
2.489519835894572316e+04
2.499882959853818465e+04
2.510251702375863169e+04
2.520626038612007687e+04
2.531005943906452012e+04
2.541391393794151372e+04
2.551782363998697110e+04
2.562178830430241942e+04
2.572580769183437224e+04
2.582988156535414237e+04
2.593400968943791668e+04
2.603819183044695092e+04
2.614242775650826661e+04
2.624671723749546072e+04
2.635106004500987910e+04
2.645545595236191002e+04
2.655990473455273968e+04
2.666440616825616962e+04
2.676896003180081607e+04
2.687356610515243665e+04
2.697822416989661724e+04
2.708293400922165893e+04
2.718769540790155588e+04
2.729250815227948988e+04
2.739737203025124109e+04
2.750228683124906092e+04
2.760725234622556309e+04
2.771226836763809479e+04
2.781733468943296612e+04
2.792245110703023602e+04
2.802761741730840731e+04
2.813283341858959102e+04
2.823809891062460883e+04
2.834341369457852852e+04
2.844877757301616657e+04
2.855419034988806015e+04
2.865965183051626445e+04
2.876516182158062657e+04
2.887072013110516855e+04
2.897632656844456505e+04
2.908198094427085016e+04
2.918768307056029153e+04
2.929343276058047559e+04
2.939922982887746912e+04
2.950507409126323910e+04
2.961096536480316354e+04
2.971690346780369873e+04
2.982288821980032662e+04
2.992891944154542216e+04
3.003499695499653535e+04
3.014112058330464788e+04
3.024729015080257523e+04
3.035350548299366346e+04
3.045976640654048970e+04
3.056607274925368256e+04
3.067242434008103737e+04
3.077882100909661676e+04
3.088526258749002955e+04
3.099174890755593515e+04
3.109827980268344618e+04
3.120485510734594209e+04
3.131147465709087191e+04
3.141813828852956431e+04
3.152484583932740861e+04
3.163159714819397777e+04
3.173839205487334038e+04
3.184523040013440550e+04
3.195211202576155847e+04
3.205903677454518765e+04
3.216600449027254581e+04
3.227301501771850963e+04
3.238006820263665213e+04
3.248716389175021686e+04
3.259430193274339399e+04
3.270148217425255643e+04
3.280870446585768514e+04
3.291596865807383438e+04
3.302327460234273894e+04
3.313062215102450136e+04
3.323801115738938825e+04
3.334544147560971760e+04
3.345291296075182618e+04
3.356042546876811684e+04
3.366797885648931697e+04
3.377557298161660583e+04
3.388320770271407673e+04
3.399088287920104631e+04
3.409859837134465488e+04
3.420635404025253956e+04
3.431414974786526727e+04
3.442198535694945167e+04
3.452986073109028803e+04
3.463777573468471383e+04
3.474573023293424194e+04
3.485372409183825221e+04
3.496175717818695557e+04
3.506982935955478752e+04
3.517794050429367053e+04
3.528609048152639298e+04
3.539427916114009713e+04
3.550250641377986176e+04
3.561077211084221199e+04
3.571907612446892745e+04
3.582741832754069765e+04
3.593579859367095196e+04
3.604421679719981330e+04
3.615267281318802998e+04
3.626116651741090755e+04
3.636969778635250259e+04
3.647826649719973648e+04
3.658687252783659642e+04
3.669551575683844567e+04
