# d_m
# unit = Mpc
0.000000000000000000e+00
4.415156132630222885e+01
8.809679451957701701e+01
1.318345443920379694e+02
1.753637194399240400e+02
2.186832915813522220e+02
2.617922958261466988e+02
3.046898298802146314e+02
3.473750536871465329e+02
3.898471889097434655e+02
4.321055183542600275e+02
4.741493853401510137e+02
5.159781930181650296e+02
5.575914036396343363e+02
5.989885377798151467e+02
6.401691735181227614e+02
6.811329455781292381e+02
7.218795444301049429e+02
7.624087153589332502e+02
8.027202575001330160e+02
8.428140228467117367e+02
8.826899152295088697e+02
9.223478892736487751e+02
9.617879493336421319e+02
1.001010148409630233e+03
1.040014587047191753e+03
1.078801412223040643e+03
1.117370816218903883e+03
1.155723035485756327e+03
1.193858349500530267e+03
1.231777079617313348e+03
1.269479587914999911e+03
1.306966276043232938e+03
1.344237584068422166e+03
1.381293989321519348e+03
1.418136005249154778e+03
1.454764180269653934e+03
1.491179096635358746e+03
1.527381369302596568e+03
1.563371644810589487e+03
1.599150600170439247e+03
1.634718941765346926e+03
1.670077404263043263e+03
1.705226749541412801e+03
1.740167765628169263e+03
1.774901265655395719e+03
1.809428086829674839e+03
1.843749089418480480e+03
1.877865155753429008e+03
1.911777189250930178e+03
1.945486113450713674e+03
1.978992871072650814e+03
2.012298423092243183e+03
2.045403747835073546e+03
2.078309840090507350e+03
2.111017710244831960e+03
2.143528383434012540e+03
2.175842898716207856e+03
2.207962308264101011e+03
2.239887676577095135e+03
2.271620079713437917e+03
2.303160604542155397e+03
2.334510348014847750e+03
2.365670416457170631e+03
2.396641924879958424e+03
2.427425996309815218e+03
2.458023761139033923e+03
2.488436356494629308e+03
2.518664925626344939e+03
2.548710617313332932e+03
2.578574585289349670e+03
2.608257987686155047e+03
2.637761986494879693e+03
2.667087747045083233e+03
2.696236437501201635e+03
2.725209228376085321e+03
2.754007292061352473e+03
2.782631802374195559e+03
2.811083934120352751e+03
2.839364862672925483e+03
2.867475763566676051e+03
2.895417812107521513e+03
2.923192182996837346e+03
2.950800049970291639e+03
2.978242585450802835e+03
3.005520960215360446e+03
3.032636343075290370e+03
3.059589900569706970e+03
3.086382796671756296e+03
3.113016192507336655e+03
3.139491246085980038e+03
3.165809112043551522e+03
3.191970941396433318e+03
3.217977881306899690e+03
3.243831074859324417e+03
3.269531660846960676e+03
3.295080773568933637e+03
3.320479542637161103e+03
3.345729092792922529e+03
3.370830543732747174e+03
3.395785009943353998e+03
3.420593600545349545e+03
3.445257419145424592e+03
3.469777563696736706e+03
3.494155126367252251e+03
3.518391193415775433e+03
3.542486845075381552e+03
3.566443155444038439e+03
3.590261192382160971e+03
3.613942017416841736e+03
3.637486685652560027e+03
3.660896245688099953e+03
3.684171739539484861e+03
3.707314202568702967e+03
3.730324663418031378e+03
3.753204143949699755e+03
3.775953659190758572e+03
3.798574217282924565e+03
3.821066819437218328e+03
3.843432459893206214e+03
3.865672125882675118e+03
3.887786797597579607e+03
3.909777448162060864e+03
3.931645043608406468e+03
3.953390542856768661e+03
3.975014897698500590e+03
3.996519052782973176e+03
4.017903945607685728e+03
4.039170506511589338e+03
4.060319658671433444e+03
4.081352318101040510e+03
4.102269393653372390e+03
4.123071787025249250e+03
4.143760392764624157e+03
4.164336098280298756e+03
4.184799783853943154e+03
4.205152322654332238e+03
4.225394580753716582e+03
4.245527417146164225e+03
4.265551683767846043e+03
4.285468225519123735e+03
4.305277880288385859e+03
4.324981478977493680e+03
4.344579845528826809e+03
4.364073796953772217e+03
4.383464143362623872e+03
4.402751687995816610e+03
4.421937227256396909e+03
4.441021550743678745e+03
4.460005441288019028e+03
4.478889674986634418e+03
4.497675021240413116e+03
4.516362242791651624e+03
4.534952095762644603e+03
4.553445329695116016e+03
4.571842687590395144e+03
4.590144905950292014e+03
4.608352714818646746e+03
4.626466837823488277e+03
4.644487992219749685e+03
4.662416888932526490e+03
4.680254232600774230e+03
4.698000721621498997e+03
4.715657048194308118e+03
4.733223898366350113e+03
4.750701952077558417e+03
4.768091883206208877e+03
4.785394359614745554e+03
4.802610043195802064e+03
4.819739589918465754e+03
4.836783649874689218e+03
4.853742867325837324e+03
4.870617880749387950e+03
4.887409322885682741e+03
4.904117820784785181e+03
4.920743995853350498e+03
4.937288463901546493e+03
4.953751835189972553e+03
4.970134714476540466e+03
4.986437701063350687e+03
5.002661388843498571e+03
5.018806366347805124e+03
5.034873216791477716e+03
5.050862518120646200e+03
5.066774843058806255e+03
5.082610759153108120e+03
5.098370828820516181e+03
5.114055609393799386e+03
5.129665653167365235e+03
5.145201507442899128e+03
5.160663714574820006e+03
5.176052812015537711e+03
5.191369332360482986e+03
5.206613803392933733e+03
5.221786748128611180e+03
5.236888684860014109e+03
5.251920127200563002e+03
5.266881584128414033e+03
5.281773560030096633e+03
5.296596554743814522e+03
5.311351063602540307e+03
5.326037577476779006e+03
5.340656582817091476e+03
5.355208561696306788e+03
5.369693991851459941e+03
5.384113346725424890e+03
5.398467095508252896e+03
5.412755703178220756e+03
5.426979630542564337e+03
5.441139334277904709e+03
5.455235266970349585e+03
5.469267877155348287e+03
5.483237609357141991e+03
5.497144904127953851e+03
5.510990198086865348e+03
5.524773923958344312e+03
5.538496510610481891e+03
5.552158383092875738e+03
5.565759962674253075e+03
5.579301666879679033e+03
5.592783909527543074e+03
5.606207100766148869e+03
5.619571647110012236e+03
5.632877951475848931e+03
5.646126413218206835e+03
5.659317428164796183e+03
5.672451388651508751e+03
5.685528683557091426e+03
5.698549698337516929e+03
5.711514811978017860e+03
5.724424409250065764e+03
5.737278862564118754e+03
5.750078544022271672e+03
5.762823822470894811e+03
5.775515063533121975e+03
5.788152629640979285e+03
5.800736880067241145e+03
5.813268170956956055e+03
5.825746855358677749e+03
5.838173283255375281e+03
5.850547801595056626e+03
5.862870754321065760e+03
5.875142482402100541e+03
5.887363323861930439e+03
5.899533613808780501e+03
5.911653684464494290e+03
5.923723865193304846e+03
5.935744482530407367e+03
5.947715860210179926e+03
5.959638319194152245e+03
5.971512177698655250e+03
5.983337751222234147e+03
5.995115352572730444e+03
6.006845291894113871e+03
6.018527876693041435e+03
6.030163411865119997e+03
6.041752199720919634e+03
6.053294540011695972e+03
6.064790729954853305e+03
6.076241064259162158e+03
6.087645835149675804e+03
6.099005332392405762e+03
6.110319843318743551e+03
6.121589652849627782e+03
6.132815043519431129e+03
6.143996295499619919e+03
6.155133686622173627e+03
6.166227492402705138e+03
6.177277986063419121e+03
6.188285438555732981e+03
6.199250118582739560e+03
6.210172292621378801e+03
6.221052224944402042e+03
6.231890177642078925e+03
6.242686410643696036e+03
6.253441181738823616e+03
6.264154746598323982e+03
6.274827358795185319e+03
6.285459269825099909e+03
6.296050729126819533e+03
6.306601984102309871e+03
6.317113280136694812e+03
6.327584860617956110e+03
6.338016966956444776e+03
6.348409838604196011e+03
6.358763713073997678e+03
6.369078825958285051e+03
6.379355410947834571e+03
6.389593699850229314e+03
6.399793922608155299e+03
6.409956307317483152e+03
6.420081080245174235e+03
6.430168465846958497e+03
6.440218686784864985e+03
6.450231963944546806e+03
6.460208516452397816e+03
6.470148561692530166e+03
6.480052315323518997e+03
6.489919991295010732e+03
6.499751801864139452e+03
6.509547957611737729e+03
6.519308667458421041e+03
6.529034138680463911e+03
6.538724576925529618e+03
6.548380186228195271e+03
6.558001169025367744e+03
6.567587726171469512e+03
6.577140056953517160e+03
6.586658359105988893e+03
6.596142828825579272e+03
6.605593660785771135e+03
6.615011048151231080e+03
6.624395182592109450e+03
6.633746254298121130e+03
6.643064451992526301e+03
6.652349962945918378e+03
6.661602972989926457e+03
6.670823666530687660e+03
6.680012226562257638e+03
6.689168834679811880e+03
6.698293671092759723e+03
6.707386914637674636e+03
6.716448742791119912e+03
6.725479331682307929e+03
6.734478856105673913e+03
6.743447489533238695e+03
6.752385404126907815e+03
6.761292770750626005e+03
6.770169758982376152e+03
6.779016537126071853e+03
6.787833272223323547e+03
6.796620130065074591e+03
6.805377275203117279e+03
6.814104870961486995e+03
6.822803079447733580e+03
6.831472061564069008e+03
6.840111977018424113e+03
6.848722984335337060e+03
6.857305240866789063e+03
6.865858902802880039e+03
6.874384125182403295e+03
6.882881061903324735e+03
6.891349865733142906e+03
6.899790688319116271e+03
6.908203680198432266e+03
6.916588990808228118e+03
6.924946768495522520e+03
6.933277160527053638e+03
6.941580313098982515e+03
6.949856371346534615e+03
6.958105479353526789e+03
6.966327780161765986e+03
6.974523415780400683e+03
6.982692527195139519e+03
6.990835254377388083e+03
6.998951736293276554e+03
7.007042110912621865e+03
7.015106515217765264e+03
7.023145085212346203e+03
7.031157955929958916e+03
7.039145261442750780e+03
7.047107134869896072e+03
7.055043708386016078e+03
7.062955113229493691e+03
7.070841479710707063e+03
7.078702937220178683e+03
7.086539614236638954e+03
7.094351638335010648e+03
7.102139136194314233e+03
7.109902233605484071e+03
7.117641055479110946e+03
7.125355725853103650e+03
7.133046367900278710e+03
7.140713103935856452e+03
7.148356055424909755e+03
7.155975342989693672e+03
7.163571086416945036e+03
7.171143404665102935e+03
7.178692415871396406e+03
7.186218237358966689e+03
7.193720985643810309e+03
7.201200776441727612e+03
7.208657724675153986e+03
7.216091944479969243e+03
7.223503549212181497e+03
7.230892651454595580e+03
7.238259363023389596e+03
7.245603794974617813e+03
7.252926057610675343e+03
7.260226260486679166e+03
7.267504512416777288e+03
7.274760921480433353e+03
7.281995595028596654e+03
7.289208639689849406e+03
7.296400161376481265e+03
7.303570265290510179e+03
7.310719055929618662e+03
7.317846637093057325e+03
7.324953111887496561e+03
7.332038582732784562e+03
7.339103151367689861e+03
