# ee
4.982591524052436965e-02
8.315728295059911235e-02
9.557220855501823153e-02
8.668991330459102640e-02
6.543799301321419348e-02
4.238549953715046309e-02
2.461712519090341819e-02
1.428986835275635782e-02
9.939823365381149356e-03
8.733061599221098384e-03
8.234405275026182580e-03
7.625029162966974298e-03
6.649329615875999334e-03
5.739323726775685808e-03
5.366510927025629554e-03
5.472682569991955091e-03
5.860078778790109126e-03
6.302448656021264646e-03
6.631531413276228748e-03
6.939524317446250576e-03
7.374111459744896700e-03
8.044477818364481614e-03
9.026811128048801633e-03
1.030381003910151028e-02
1.183228250756200063e-02
1.355895425719350587e-02
1.544411975401865401e-02
1.751241591505322062e-02
1.978997099235591667e-02
2.224452991650270606e-02
2.483783190859945034e-02
2.756593319872523845e-02
3.043839509994029566e-02
3.348446051094165765e-02
3.673437845755578302e-02
4.020276883646586863e-02
4.390167411991859753e-02
4.784846552754987159e-02
5.206186199249611402e-02
5.655518227789967795e-02
6.132025625882992631e-02
6.634351985102342197e-02
7.161141518087804636e-02
7.711036574280780154e-02
8.283169524298665543e-02
8.878617917875759880e-02
9.498948083790099972e-02
1.014572572975359493e-01
1.082051470027976386e-01
1.152443726186421352e-01
1.225682825268248760e-01
1.301658093289221052e-01
1.380258856265101364e-01
1.461373943358748873e-01
1.544926839223036419e-01
1.630976420927019721e-01
1.719615724176864480e-01
1.810937287825833131e-01
1.905034644432994639e-01
2.001963441523532394e-01
2.101632630802894586e-01
2.203914769501353066e-01
2.308681669569825068e-01
2.415805639812131367e-01
2.525176378883711714e-01
2.636752896420034298e-01
2.750512088761090101e-01
2.866430355393966289e-01
2.984484344232201658e-01
3.104639027146105512e-01
3.226813665538871834e-01
3.350915347917560183e-01
3.476851659642134496e-01
3.604529689219654887e-01
3.733856525157180917e-01
3.864736274844353114e-01
3.997072797244358155e-01
4.130768957614577852e-01
4.265729111771102700e-01
4.401854882839056349e-01
4.539041931708718836e-01
4.677183931858758803e-01
4.816175053620747049e-01
4.955908970473351105e-01
5.096275877924915099e-01
5.237151562749582379e-01
5.378409327456982192e-01
5.519920487145126842e-01
5.661557350617837381e-01
5.803192226678933752e-01
5.944694939867720684e-01
6.085934321017693049e-01
6.226779200962349048e-01
6.367099404240991189e-01
6.506763761687115455e-01
6.645641600987123310e-01
6.783601752974510735e-01
6.920513048482774821e-01
7.056245808904121342e-01
7.190669361924950653e-01
7.323651047820048943e-01
7.455060691128720940e-01
7.584768613243171309e-01
7.712643148143994987e-01
7.838553126664687953e-01
7.962368373344553829e-01
8.083957719017088595e-01
8.203190491368692605e-01
8.319935521232862952e-01
8.434068098530840274e-01
8.545488355829037319e-01
8.654100400517091840e-01
8.759810824249162353e-01
8.862523237561984457e-01
8.962146219521328616e-01
9.058582386958123900e-01
9.151737337820718965e-01
9.241517663763272328e-01
9.327827969028326116e-01
9.410574845270037736e-01
9.489661903025142786e-01
9.564995733947797563e-01
9.636481935986351832e-01
9.704025113383348833e-01
9.767530864087138331e-01
9.826904786046071205e-01
9.882052477208495000e-01
9.932878541816955176e-01
9.979289571525606917e-01
1.002120706357571001e+00
1.005862505573242194e+00
1.009155249134800592e+00
1.011999930748053167e+00
1.014397544118806449e+00
1.016349082952867411e+00
1.017855540956043026e+00
1.018918011204720697e+00
1.019537388034126746e+00
1.019714863891229006e+00
1.019451034999511840e+00
1.018747193176524179e+00
1.017604232757492122e+00
1.016023246818803294e+00
1.014005030325103140e+00
1.011550875093940371e+00
1.008661576089960432e+00
1.005338027648389865e+00
1.001581422216196726e+00
9.973927534991875454e-01
9.927753007265253116e-01
9.877426776677635800e-01
9.823104855040698524e-01
9.764945241577730473e-01
9.703106929217825138e-01
9.637747917184270596e-01
9.569025210994549502e-01
9.497097803577756459e-01
9.422124687862986070e-01
9.344261875661913352e-01
9.263667366197826381e-01
9.180502139811433926e-01
9.094921214608603366e-01
9.007084577224236943e-01
8.917149233175816203e-01
8.825273181686628110e-01
8.731615415685769488e-01
8.636332940690720772e-01
8.539584749630576566e-01
8.441527848022819525e-01
8.342321228796543142e-01
8.242122891175036603e-01
8.141090834381587982e-01
8.039382560786582088e-01
7.937156566466210261e-01
7.834598177553449005e-01
7.732005505790351396e-01
7.629702002417045881e-01
7.528013602938176119e-01
7.427263261740968403e-01
7.327777411182968548e-01
7.229879005651402846e-01
7.133893980650914957e-01
7.040146284274536592e-01
6.948961355174009258e-01
6.860663141442363555e-01
6.775577081731342100e-01
6.694027124133974382e-01
6.616337713596195380e-01
6.542834288769747708e-01
6.473841294600565233e-01
6.409683176034581820e-01
6.350684874870636820e-01
6.297170836054664100e-01
6.249466001385501901e-01
6.207894815809084088e-01
6.172782221124250013e-01
6.144452165424029166e-01
6.123230087360164164e-01
6.109440431878588873e-01
6.103403172249107778e-01
6.105420395037001180e-01
6.115788721425612362e-01
6.134806263156993289e-01
6.162770138267392728e-01
6.199977464793053894e-01
6.246725360770225555e-01
6.303311441088057521e-01
6.370032326929890854e-01
6.447186130037780849e-01
6.535069471595068569e-01
6.633979966490904934e-01
6.744214732761536490e-01
6.866071385296113050e-01
6.999847042130880048e-01
7.145838324449180767e-01
7.304343343993069393e-01
7.475659715651694626e-01
7.660083066902592108e-01
7.857912006340720401e-01
8.069443652002324940e-01
8.294975618776554427e-01
8.534804030993849988e-01
8.789226503543360325e-01
9.058541645020042887e-01
9.343045579754336583e-01
9.643034432076681428e-01
9.958808301140743557e-01
1.029066231757115757e+00
1.063889359940416668e+00
1.100380125208763271e+00
1.138568139995199680e+00
1.178483016732769562e+00
1.220154765336839642e+00
1.263612898869873380e+00
1.308887228506076195e+00
1.356007466049072185e+00
1.405003223931905909e+00
1.455904412699362993e+00
1.508740545413906897e+00
1.563541631990904124e+00
1.620337284863398786e+00
1.679157116464434774e+00
1.740030937968217284e+00
1.802988361807790652e+00
1.868059596639682463e+00
1.935273658673452912e+00
2.004660756565630031e+00
2.076250502749257709e+00
2.150072509657379616e+00
2.226148241335423883e+00
2.304465773313708610e+00
2.385004436511450887e+00
2.467743760589030000e+00
2.552663672689147845e+00
2.639743503731021956e+00
2.728962982116192482e+00
2.820301637505038705e+00
2.913738602075617301e+00
3.009254399194113194e+00
3.106827564815099141e+00
3.206438622304760511e+00
3.308066306358831810e+00
3.411690941602336213e+00
3.517291262731008672e+00
3.624847991852195417e+00
3.734339664920468760e+00
3.845746407819691903e+00
3.959047551469082826e+00
4.074222426787859064e+00
4.191251159659882930e+00
4.310113478486695904e+00
4.430788316705192464e+00
4.553255800199235814e+00
4.677494862405720433e+00
4.803485629208509522e+00
4.931207829009144561e+00
5.060640395244518253e+00
5.191763453798496464e+00
5.324555938107971897e+00
5.458998371539131256e+00
5.595069290046546406e+00
5.732749216996404051e+00
5.872017085825598670e+00
6.012852624935669965e+00
6.155235960210481139e+00
6.299145627604605835e+00
6.444562150484228091e+00
6.591464859768566775e+00
6.739832688894515478e+00
6.889646161228261789e+00
7.040884210206699301e+00
7.193526961713692103e+00
7.347552951703811175e+00
7.502943895990211054e+00
7.659676740598174050e+00
7.817732406376207699e+00
7.977090224243529093e+00
8.137730320084003210e+00
8.299632024816844478e+00
8.462765924750174307e+00
8.627072397535579640e+00
8.792482281248904741e+00
8.958926413965992097e+00
9.126335633762687749e+00
9.294641573679477631e+00
9.463776661721500005e+00
9.633669351070659914e+00
9.804251274767446844e+00
9.975456450746285952e+00
1.014721174225979361e+01
1.031945196220704197e+01
1.049210635873458308e+01
1.066510576991825943e+01
1.083838262376320749e+01
1.101186775834526976e+01
1.118549121677564528e+01
1.135918463209482177e+01
1.153288043230793569e+01
1.170650786556153733e+01
1.187999856489611794e+01
1.205328495831681224e+01
1.222629629397017048e+01
1.239896420489668571e+01
1.257122032413684209e+01
1.274299707969577788e+01
1.291422292475539990e+01
1.308483028732084286e+01
1.325475000546794746e+01
1.342391450720185198e+01
1.359225304066910844e+01
1.375969803387484980e+01
1.392617952993027508e+01
1.409162916187587378e+01
1.425597856275213360e+01
1.441915777567025536e+01
1.458109843367072678e+01
1.474173375972332778e+01
1.490099061708067296e+01
1.505880381864183626e+01
1.521510181758872449e+01
1.536981783689111580e+01
1.552288191966021103e+01
1.567422569893649609e+01
1.582378080776046225e+01
1.597147728924330856e+01
1.611724677642552095e+01
1.626101931241830201e+01
1.640272812019142634e+01
1.654230165292680610e+01
1.667967790338209255e+01
1.681481553339571988e+01
1.694767479473541627e+01
1.707822070895677768e+01
1.720641352782753586e+01
1.733221827290328321e+01
1.745559519595174791e+01
1.757650772859924260e+01
1.769491930247207279e+01
1.781079175926725000e+01
1.792409012054038442e+01
1.803477304812990312e+01
1.814280715352069606e+01
1.824815268848049499e+01
1.835077308463560186e+01
1.845062859375374842e+01
1.854768741724911152e+01
1.864190662703083490e+01
1.873325124465452518e+01
1.882168470174648078e+01
1.890716884000372389e+01
1.898966550112327312e+01
1.906913970666072444e+01
1.914555011845451205e+01
1.921886334798952944e+01
1.928903964703350482e+01
1.935604403714203059e+01
1.941983677008283493e+01
1.948038127748223047e+01
1.953764099096652274e+01
1.959157934216201724e+01
1.964215658283644217e+01
1.968933455468681615e+01
1.973307986919802914e+01
1.977335118820851179e+01
1.981011512320316115e+01
1.984333192594969830e+01
1.987296502807443233e+01
1.989897627127438540e+01
1.992132749724656549e+01
1.993998372754657922e+01
1.995490680387143811e+01
1.996606015784745836e+01
1.997340404124235747e+01
1.997690188568244807e+01
1.997651712279403924e+01
1.997221318420343650e+01
1.996395191160765847e+01
1.995169673663301069e+01
1.993540791104722487e+01
1.991506476576951101e+01
1.989070386917356714e+01
1.986238245871386709e+01
1.983014505241055403e+01
1.979405047764739578e+01
1.975414961216170440e+01
1.971049492362007527e+01
1.966313728975982400e+01
1.961213394803542442e+01
1.955753259632560415e+01
1.949938729222625255e+01
1.943775209333326615e+01
1.937267787738395342e+01
1.930421870197420731e+01
1.923242544484133987e+01
1.915735216358123694e+01
1.907904973593121767e+01
1.899757380941645835e+01
1.891297367184498412e+01
1.882530338081268440e+01
1.873461540398615810e+01
1.864096379896130173e+01
1.854439785354613335e+01
1.844497321526583633e+01
1.834274076185771918e+01
1.823775296098838794e+01
1.813006387025372845e+01
1.801972595732034677e+01
1.790679009992555137e+01
1.779130876573594477e+01
1.767333919220600080e+01
1.755292748728515662e+01
1.743012929849859560e+01
1.730499709351292026e+01
1.717758492992401997e+01
1.704794368546920680e+01
1.691612582781508678e+01
1.678218382462825176e+01
1.664617173350460178e+01
1.650814043218144533e+01
1.636814238832538138e+01
1.622623324946159684e+01
1.608246230339810623e+01
1.593688201780151736e+01
1.578954804019700831e+01
1.564051124832189110e+01
1.548982410984276825e+01
1.533753909242624047e+01
1.518370866373890671e+01
1.502838370151808078e+01
1.487162939286469054e+01
1.471353159396044674e+01
1.455419206027997170e+01
1.439370936743930152e+01
1.423218050112518718e+01
1.406970562688295701e+01
1.390638332032865065e+01
1.374231056714901555e+01
1.357758912281867225e+01
1.341231438309507773e+01
1.324658651352356209e+01
1.308050488468481198e+01
1.291416807219486174e+01
1.274767306174046411e+01
1.258112001886694564e+01
1.241460910911963822e+01
1.224823572825599705e+01
1.208209924685670700e+01
1.191630142039639040e+01
1.175093684966785901e+01
1.158610729014572982e+01
1.142191052248140082e+01
1.125844353236161766e+01
1.109580728029635566e+01
1.093410034190165447e+01
1.077341970286426154e+01
1.061386552872950872e+01
1.045553560014878514e+01
1.029852928770277920e+01
1.014294516700752880e+01
9.988881813679071797e+00
9.836437803333447860e+00
9.685711711586696637e+00
9.536802909019501229e+00
9.389809176283256065e+00
9.244830678923291245e+00
9.101964402626352424e+00
8.961309717973126254e+00
8.822964405615007166e+00
8.687029426061966930e+00
8.553601765000758306e+00
8.422779998047415617e+00
8.294664290747270741e+00
8.169351628787071107e+00
8.046940587782856369e+00
7.927532128244602738e+00
7.811223235859055869e+00
7.698111691277611079e+00
7.588298455010242805e+00
7.481880512743699363e+00
7.378946900518274177e+00
7.279543726283404403e+00
7.183705968483490523e+00
7.091467810598288679e+00
7.002866615966136798e+00
6.917936568066789249e+00
6.836713440309292622e+00
6.759232211138048285e+00
6.685527858997456718e+00
6.615636952261209736e+00
6.549594469373707817e+00
6.487434991297030606e+00
6.429195086404869031e+00
6.374908938176978346e+00
6.324612717504727755e+00
6.278342197797163848e+00
6.236131562534041883e+00
6.198016187642085839e+00
6.164032641494987530e+00
6.134215505054824824e+00
6.108599756765999089e+00
6.087221567519878640e+00
6.070116710725510956e+00
6.057318574898004293e+00
6.048864523375698354e+00
6.044788342156024008e+00
6.045126997094996568e+00
6.049914671672371291e+00
6.059187536779517380e+00
6.072980173378512703e+00
6.091328354878403850e+00
6.114267457205914802e+00
6.141833253770091261e+00
6.174060325533011984e+00
6.210984048421400949e+00
6.252640195844303861e+00
6.299063746246121198e+00
6.350290870518223940e+00
6.406356944587333402e+00
6.467295754450883116e+00
6.533144265964889286e+00
6.603937060091427114e+00
6.679709512757223244e+00
6.760496999888998992e+00
6.846335692378125337e+00
6.937260568669000982e+00
7.033305812241383848e+00
7.134507991468963972e+00
7.240902879760788835e+00
7.352525455561258916e+00
7.469390028233992673e+00
7.591441745218451942e+00
7.718599520120799085e+00
7.850785446405777357e+00
7.987923207467420461e+00
8.129934101805826430e+00
8.276739427921095071e+00
8.428262869207257424e+00
8.584425724164415072e+00
8.745149291292662497e+00
8.910357253986036952e+00
9.079970115779989470e+00
9.253910765103908531e+00
9.432101295422539167e+00
9.614463005235977633e+00
9.800918782973614185e+00
9.991390722100192079e+00
1.018580012111580757e+01
1.038406986844985269e+01
1.058612205756706715e+01
1.079187719200290552e+01
1.100125975011604851e+01
1.121419023544194715e+01
1.143059153640998993e+01
1.165038495152027664e+01
1.187349177927290356e+01
1.209983649802655137e+01
1.232933961131667289e+01
1.256192400757265482e+01
1.279751019032995174e+01
1.303602184298259914e+01
1.327738026403069149e+01
1.352150754693897561e+01
1.376832658013683819e+01
1.401775786715973204e+01
1.426972350147240221e+01
1.452414875639817105e+01
1.478095254554320270e+01
1.504005696237224043e+01
1.530138410035002572e+01
1.556485923279988626e+01
1.583040127332798086e+01
1.609793231539905634e+01
1.636737445247785416e+01
1.663865136795840627e+01
1.691168356537616901e+01
1.718639631805446655e+01
1.746270535974088034e+01
1.774053914361731188e+01
1.801981658328993063e+01
1.830045182257702052e+01
1.858233833621608611e+01
1.886535528958101793e+01
1.914938661783357787e+01
1.943431466620623027e+01
1.972002177993145011e+01
2.000639189417099928e+01
2.029330576422805166e+01
2.058064573533507868e+01
2.086829892251241958e+01
2.115614290120467800e+01
2.144406160657361227e+01
2.173193738385169027e+01
2.201965575812996079e+01
2.230709589478231791e+01
2.259414172897051998e+01
2.288067878578561576e+01
2.316658146081362446e+01
2.345174322879204709e+01
2.373603689537761241e+01
2.401935116551995364e+01
2.430156838445153866e+01
2.458256771754625447e+01
2.486223309996586295e+01
2.514045005680141642e+01
2.541709934335609233e+01
2.569206012500377767e+01
2.596522269662339966e+01
2.623646304373026084e+01
2.650566510148612309e+01
2.677271121512345786e+01
2.703748849966260792e+01
2.729987453054816626e+01
2.755975165301260432e+01
2.781700857200555532e+01
2.807152127304232891e+01
2.832317846107255477e+01
2.857185294175295454e+01
2.881743659989174944e+01
2.905980860086282291e+01
2.929885764961581174e+01
2.953445337194885312e+01
2.976649083252874917e+01
2.999484601687080598e+01
3.021940127020748790e+01
3.044004211762985079e+01
3.065665090437036255e+01
3.086910997566149462e+01
3.107730167673571486e+01
3.128110835282549473e+01
3.148042824845621013e+01
3.167521048589055610e+01
3.186542962625987130e+01
3.205105069111975524e+01
3.223204188188439900e+01
3.240837139996796878e+01
3.258000744678465566e+01
3.274691504389005559e+01
3.290906875241551433e+01
3.306643359391663495e+01
3.321897776980758721e+01
3.336666630164397418e+01
3.350947057069856783e+01
3.364736195824411880e+01
3.378029912611907548e+01
3.390825981531335032e+01
3.403120586752396548e+01
3.414910548416511205e+01
3.426193322636812155e+01
3.436965093583001618e+01
3.447222999382356079e+01
3.456963542190435135e+01
3.466183542148657182e+01
3.474880137384297996e+01
3.483050148038775973e+01
3.490690076267651420e+01
3.497796742212342025e+01
3.504367284000123561e+01
3.510398203786557048e+01
3.515886639698918259e+01
3.520829093892766792e+01
3.525222068523662955e+01
3.529063019704741322e+01
3.532348767577419579e+01
3.535075496311399945e+01
3.537240662019816284e+01
3.538840766858228903e+01
3.539872630968055489e+01
3.540332756504856349e+01
3.540218599581766057e+01
3.539526662354344921e+01
3.538253764964009918e+01
3.536396727552179442e+01
3.533952052274413802e+01
3.530917195243847573e+01
3.527288340630182262e+01
3.523062626560694355e+01
3.518236873176801538e+01
3.512807900619921497e+01
3.506772211045615251e+01
3.500129168482165909e+01
3.492885132646737389e+01
3.485049643115075213e+01
3.476631285505350633e+01
3.467638963421592990e+01
3.458082216439547807e+01
3.447968994205670157e+01
3.437309472267421739e+01
3.426111918257115718e+01
3.414385235778781436e+01
3.402138964408164412e+01
3.389381689763435901e+01
3.376121997462766444e+01
3.362369745067761073e+01
3.348133200210732241e+01
3.333421902467426179e+01
3.318244437456012719e+01
3.302609390794663824e+01
3.286526620044983105e+01
3.270004710825141814e+01
3.253052248753311204e+01
3.235678773405237507e+01
3.217892870399090555e+01
3.199704079310616933e+01
3.181120667772129451e+01
3.162152175359373985e+01
3.142806869704662986e+01
3.123094608369600778e+01
3.103023658986499811e+01
3.082603561131106318e+01
3.061842900421591196e+01
3.040750898447842232e+01
3.019335822842171879e+01
2.997607849152042547e+01
2.975574927023908955e+01
2.953246278047658535e+01
2.930631441799036807e+01
2.907738685910357290e+01
2.884577231971507061e+01
2.861156301572373550e+01
2.837484480331128012e+01
2.813570989837658232e+01
2.789424733695993197e+01
2.765054615510162250e+01
2.740469538884195089e+01
2.715678725407978433e+01
2.690691078685542337e+01
2.665515502320916141e+01
2.640160899918128834e+01
2.614636334074138801e+01
2.588951344364691920e+01
2.563117855259470090e+01
2.537147791228155924e+01
2.511054348683863680e+01
2.484848975117488479e+01
2.458544548956287557e+01
2.432153312655800192e+01
2.405687667664496843e+01
2.379160015430845831e+01
2.352582598410388570e+01
2.325968136037451828e+01
2.299328393788789171e+01
2.272676091098728079e+01
2.246023470422808543e+01
2.219383092202429708e+01
2.192767198893131209e+01
2.166188191943382790e+01
2.139658313808724799e+01
2.113189965937626624e+01
2.086795867764415746e+01
2.060487784765845376e+01
2.034278595369172038e+01
2.008180383037007033e+01
1.982205549217819751e+01
1.956366654353008983e+01
1.930675781905185673e+01
1.905145333322818857e+01
1.879787869047308035e+01
1.854615631534192488e+01
1.829640863239013271e+01
1.804876283596097508e+01
1.780333976068056856e+01
1.756026342103359994e+01
1.731965942143406423e+01
1.708164700657877688e+01
1.684635496074030669e+01
1.661390252861547268e+01
1.638441690454754962e+01
1.615802051309194809e+01
1.593483577880406443e+01
1.571498830609788477e+01
1.549860051952881435e+01
1.528579484365225660e+01
1.507670006274077501e+01
1.487143224163261301e+01
1.467012016460033585e+01
1.447288784612863566e+01
1.427985612084362899e+01
1.409114900323000619e+01
1.390689368763104561e+01
1.372719510937994869e+01
1.355210255628473526e+01
1.338165418664838846e+01
1.321588179905672789e+01
1.305482116691879746e+01
1.289850806364364644e+01
1.274697587774638308e+01
1.260025799774211741e+01
1.245839178696918736e+01
1.232141222387199342e+01
1.218935110703635516e+01
1.206224420987131829e+01
1.194012810075057551e+01
1.182303457825994464e+01
1.171100100573776359e+01
1.160406077169914241e+01
1.150225044451777379e+01
1.140560102781483032e+01
1.131414988492864993e+01
1.122793119933898609e+01
1.114697994949024284e+01
1.107133031886217367e+01
1.100101728589917904e+01
1.093607582904566122e+01
1.087654092674601891e+01
1.082244596751536569e+01
1.077382592979810028e+01
1.073071738196791358e+01
1.069315371253991742e+01
1.066116831002922183e+01
1.063479853777416118e+01
1.061407698932520383e+01
1.059904023305604071e+01
1.058972086251713307e+01
1.058615544608217718e+01
1.058837737226628128e+01
1.059642241447848932e+01
1.061032475619856186e+01
1.063011858090624884e+01
1.065583966201060129e+01
1.068752297795601613e+01
1.072520112229296174e+01
1.076891145835977248e+01
1.081868657970691316e+01
1.087456305470807649e+01
1.093657347691372728e+01
1.100475441469755822e+01
1.107914005153932102e+01
1.115976377595412927e+01
1.124666215631567390e+01
1.133984870702292724e+01
1.143925108629315268e+01
1.154477707822747234e+01
1.165633526189165892e+01
1.177383342138683631e+01
1.189717775088483798e+01
1.202627762441608184e+01
1.216103923615239957e+01
1.230137275508885253e+01
1.244718278546798551e+01
1.259837870132021287e+01
1.275486828674666029e+01
1.291655932584845168e+01
1.308335801279742228e+01
1.325517451658863166e+01
1.343191503139391507e+01
1.361348654634975119e+01
1.379979764052191094e+01
1.399075609801151998e+01
1.418626970291970046e+01
1.438624623934757985e+01
1.459059349139628203e+01
1.479921765323764227e+01
1.501202809890207313e+01
1.522893261249070207e+01
1.544983738817536256e+01
1.567465179998647073e+01
1.590328204209586005e+01
1.613563748853394486e+01
1.637162433347256396e+01
1.661115036101283593e+01
1.685412335525589000e+01
1.710045428016142921e+01
1.735004456011342100e+01
1.760280674900085529e+01
1.785864704099557088e+01
1.811747481012798033e+01
1.837919307071134156e+01
1.864371596656393848e+01
1.891094492206973143e+01
1.918079249111772100e+01
1.945316168802115797e+01
1.972796665659832982e+01
2.000510882123320044e+01
2.028449914588547642e+01
2.056604382472698944e+01
2.084965223178815208e+01
2.113523215117009713e+01
2.142268818711536582e+01
2.171193289351294808e+01
2.200286292495894358e+01
2.229536380654439398e+01
2.258930834392602804e+01
2.288457411254844587e+01
2.318103709792694644e+01
2.347857010571825498e+01
2.377705071136697157e+01
2.407635013060052742e+01
2.437635229858068442e+01
2.467692525117629287e+01
2.497794815376123978e+01
2.527929540192154079e+01
2.558084298117249844e+01
2.588246687702942594e+01
2.618403989514904140e+01
2.648544120090523180e+01
2.678654677981331034e+01
2.708722784760070112e+01
2.738736197971200781e+01
2.768682834152111383e+01
2.798549655882616349e+01
2.828324261714245935e+01
2.857994568184389195e+01
2.887548173844577093e+01
2.916972359260481440e+01
2.946254722983632846e+01
2.975382863565561919e+01
3.004344379557799627e+01
3.033126869511876578e+01
3.061717613993464582e+01
3.090104211554094249e+01
3.118274896717013434e+01
3.146216314076177056e+01
3.173916380168974882e+01
3.201362693546936811e+01
3.228542852761593451e+01
3.255444138378617680e+01
3.282054148949539041e+01
3.308361118997606098e+01
3.334351693116773419e+01
3.360013787844430766e+01
3.385335001732108395e+01
3.410303251317194650e+01
3.434905181193646229e+01
3.459129025884709563e+01
3.482962383941915618e+01
3.506392217945078471e+01
3.529406762417444554e+01
3.551992979938829365e+01
3.574139105032478625e+01
3.595833690207498279e+01
3.617071647690156766e+01
3.637850433593588662e+01
3.658166232087495473e+01
3.678015863313295597e+01
3.697395829426549341e+01
3.716303268554532480e+01
3.734734364866947232e+01
3.752685938505211283e+01
3.770154809610742319e+01
3.787137480339100648e+01
3.803630770831704666e+01
3.819631183244113970e+01
3.835135537717746956e+01
3.850140654394021311e+01
3.864643035428496631e+01
3.878639500962592024e+01
3.892126553151867085e+01
3.905100694151881413e+01
3.917559062089910782e+01
3.929498159121516210e+01
3.940914487402257294e+01
3.951804867073551719e+01
3.962166436262675973e+01
3.971995061153473472e+01
3.981287879873220703e+01
3.990041394577477973e+01
3.998252425407662969e+01
4.005917474519335286e+01
4.013033362053913322e+01
4.019596908152814763e+01
4.025604932957458715e+01
4.031053302651687886e+01
4.035939473348636852e+01
4.040259947203865210e+01
4.044011226372933976e+01
4.047190130997260837e+01
4.049793163232404680e+01
4.051817461205642701e+01
4.053259209086676407e+01
4.054114909031066105e+01
4.054382335137804461e+01
4.054057035604875381e+01
4.053136148559557483e+01
4.051616494143267033e+01
4.049494574511564338e+01
4.046766573834151615e+01
4.043430266210020818e+01
4.039481517823016077e+01
4.034917148814555787e+01
4.029735569255348082e+01
4.023943138862556879e+01
4.017546535339204894e+01
4.010553390345888403e+01
4.002971653529061768e+01
3.994808320577605798e+01
3.986071341137974855e+01
3.976768028884907125e+01
3.966905697493140792e+01
3.956491978623273553e+01
3.945534503935900972e+01
3.934040587105761944e+01
3.922017541807593943e+01
3.909473635673711556e+01
3.896415546407134656e+01
3.882850905668461650e+01
3.868787663104146191e+01
3.854233132388927885e+01
3.839194627197543497e+01
3.823679461204731922e+01
3.807695584056948945e+01
3.791250627414789420e+01
3.774351586967134864e+01
3.757005776388723461e+01
3.739221463311867666e+01
3.721005643425448284e+01
3.702365948390060879e+01
3.683310009866303147e+01
3.663844823543054474e+01
3.643978657052628023e+01
3.623718506083903890e+01
3.603071684311620970e+01
3.582046459368091718e+01
3.560649508956338138e+01
3.538888464736957218e+01
3.516771276356403320e+01
3.494305257489414629e+01
3.471497721810730042e+01
3.448356300980945832e+01
3.424888626660658275e+01
3.401102012524606266e+01
3.377003454261669901e+01
3.352601537490019723e+01
3.327902939912678448e+01
3.302915929161958530e+01
3.277646864955024597e+01
3.252104332910046480e+01
3.226295328715905697e+01
3.200227166047339722e+01
3.173907794550803629e+01
3.147345163872752138e+01
3.120550085532363482e+01
3.093534325006390873e+01
3.066309329785729432e+01
3.038886547361273571e+01
3.011277743209776503e+01
2.983494364822133349e+01
2.955548177675096611e+01
2.927450311273703321e+01
2.899212531094705980e+01
2.870846920600716601e+01
2.842364291310913416e+01
2.813776408702048926e+01
2.785095038250876698e+01
2.756331309462433410e+01
2.727497623785188097e+01
2.698604792738319347e+01
2.669664581798580372e+01
2.640688597449795338e+01
2.611688287182858303e+01
2.582675416474522834e+01
2.553661432815684051e+01
2.524657942690165058e+01
2.495676552581790375e+01
2.466728391995596681e+01
2.437825703387124321e+01
2.408979616261409618e+01
2.380201737102276738e+01
2.351503831386478538e+01
2.322897028619052051e+01
2.294393571255537267e+01
2.266004429808041820e+01
2.237741369753318565e+01
2.209615838582262626e+01
2.181639601771626857e+01
2.153824106812306383e+01
2.126181119181054058e+01
2.098721927375835250e+01
2.071458137880474482e+01
2.044401357178795564e+01
2.017563032761693265e+01
1.990955089098849484e+01
1.964588655695301256e+01
1.938475657020730480e+01
1.912627381573102880e+01
1.887055594829171667e+01
1.861771585286902564e+01
1.836787277415977471e+01
1.812113959714362466e+01
1.787763238665881005e+01
1.763745448810924898e+01
1.740066154902011775e+01
1.716729331762369881e+01
1.693739431194013179e+01
1.671100269027239804e+01
1.648816456056994184e+01
1.626891808113574456e+01
1.605330618006065890e+01
1.584137178543553937e+01
1.563315464549266309e+01
1.542869927825217680e+01
1.522804702187564274e+01
1.503123762459533808e+01
1.483831401450211374e+01
1.464931911968682954e+01
1.446429427831104952e+01
1.428327923860704551e+01
1.410631851859496599e+01
1.393345186650708278e+01
1.376472380036354437e+01
1.360017406839662435e+01
1.343984400876788499e+01
1.328377813949747654e+01
1.313201700378231607e+01
1.298460034985467892e+01
1.284157190077006305e+01
1.270297378965468127e+01
1.256884894459938984e+01
1.243923631887181536e+01
1.231417884056281409e+01
1.219371943776324052e+01
1.207789944863466225e+01
1.196675862140934932e+01
1.186034226907209721e+01
1.175869013985517775e+01
1.166184516184944719e+01
1.156984787825182437e+01
1.148274121715316554e+01
1.140056572175039129e+01
1.132336511509899779e+01
1.125117994039591096e+01
1.118405153580268951e+01
1.112202441933948371e+01
1.106513674930927493e+01
1.101343304373221166e+01
1.096695384580520916e+01
1.092574208361912724e+01
1.088983830037088474e+01
1.085928621911597958e+01
1.083412479312204191e+01
1.081438105118701998e+01
1.080001206522005397e+01
1.079095662294344571e+01
1.078715510200878391e+01
1.078854788006765553e+01
1.079507453980700760e+01
1.080667466391378184e+01
1.082328863003956876e+01
1.084485602087131362e+01
1.087131721406060159e+01
1.090261179229437971e+01
1.093868013322423671e+01
1.097946102457247264e+01
1.102489563895531788e+01
1.107492355905972126e+01
1.112948436757262272e+01
1.118851844214561453e+01
1.125196536546564019e+01
1.131976551518428664e+01
1.139185926895314616e+01
1.146818541449451523e+01
1.154868353449533735e+01
1.163329400660720481e+01
1.172195720848170453e+01
1.181461431273507046e+01
1.191120410708960442e+01
1.201166458430295592e+01
1.211593850692065288e+01
1.222396386770034660e+01
1.233568263422291977e+01
1.245103200428137669e+01
1.256995553538589228e+01
1.269238963036482382e+01
1.281827546183441058e+01
1.294755499737553173e+01
1.308016384485190287e+01
1.321604556177369538e+01
1.335514052579249800e+01
1.349738513973667509e+01
1.364272057622245882e+01
1.379108959779537535e+01
1.394242860728378908e+01
1.409668036723322260e+01
1.425378128047204029e+01
1.441367569947505878e+01
1.457629843714134665e+01
1.474159543587501453e+01
1.490949991864584057e+01
1.507995782785793359e+01
1.525290715626894489e+01
1.542827953691936571e+01
1.560598593376890086e+01
1.578593254098938736e+01
1.596801919303549155e+01
1.615215208407904868e+01
1.633823263850402085e+01
1.652616705048223977e+01
1.671585674439767288e+01
1.690720632449285432e+01
1.710011721515174798e+01
1.729449720047548311e+01
1.749024770484801650e+01
1.768727333251188938e+01
1.788547391792177876e+01
1.808475724517880323e+01
1.828502632859621713e+01
1.848618259255798080e+01
1.868813064130663903e+01
1.889077666901402353e+01
1.909402051013480772e+01
1.929776835884081976e+01
1.950192163951602708e+01
1.970638654633226139e+01
1.991106450367347946e+01
2.011586011578222966e+01
2.032067639697176276e+01
2.052541795148462000e+01
2.072998779363405575e+01
2.093428893773332078e+01
2.113822598802495634e+01
2.134170195882222032e+01
2.154461986443835642e+01
2.174688589904520697e+01
2.194840148702672522e+01
2.214906964269616907e+01
2.234879656022536665e+01
2.254748366399828541e+01
2.274503396832817614e+01
2.294135366738686699e+01
2.313634418555832539e+01
2.332991012708509260e+01
2.352195450628042295e+01
2.371238351731614458e+01
2.390109699464692739e+01
2.408799954251532327e+01
2.427299735509315681e+01
2.445599026683510502e+01
2.463688447191299602e+01
2.481558139471079372e+01
2.499198881932962379e+01
2.516601452987060838e+01
2.533761082845501988e+01
2.550673637692129603e+01
2.567334506731999966e+01
2.583740033127743274e+01
2.599885924070274612e+01
2.615767886750507998e+01
2.631381787352287560e+01
2.646723333066526962e+01
2.661788549069999021e+01
2.676573460539476912e+01
2.691073615672945252e+01
2.705284721661318770e+01
2.719202644688441239e+01
2.732823886909872257e+01
2.746143360551880974e+01
2.759157249784168897e+01
2.771861420790579444e+01
2.784251739754956745e+01
2.796324072861143861e+01
2.808074286292984212e+01
2.819497928248463481e+01
2.830591182897283176e+01
2.841349280451570536e+01
2.851768723066885514e+01
2.861845376927071527e+01
2.871574472244255816e+01
2.880952193188139887e+01
2.889974723928425604e+01
2.898637294677240206e+01
2.906935771618427111e+01
2.914866338921688182e+01
2.922424544785008749e+01
2.929606255392231873e+01
2.936407336927201683e+01
2.942824291545478133e+01
2.948851713487471216e+01
2.954486104908741595e+01
2.959723649978990778e+01
2.964559260924487560e+01
2.968989757886649983e+01
2.973010371077605640e+01
2.976616648695339507e+01
2.979805092895411889e+01
2.982571569861665495e+01
2.984911309806228275e+01
2.986820496898801736e+01
2.988294997323229296e+01
2.989330677263354374e+01
2.989923084917162299e+01
2.990069676397788001e+01
2.989773313577954994e+01
2.989038130273819505e+01
2.987868578287396204e+01
2.986269427406558208e+01
2.984244175475745564e+01
2.981797592282831033e+01
2.978933811643970841e+01
2.975657285361180016e+01
2.971972147250615137e+01
2.967882849114290522e+01
2.963393524768362752e+01
2.958508626014846499e+01
2.953232286669897988e+01
2.947569594507248780e+01
2.941523411399622390e+01
2.935099143106607755e+01
2.928300923444361814e+01
2.921132886229040437e+01
2.913599483262659007e+01
2.905704530375515304e+01
2.897452797355482090e+01
2.888848736004574391e+01
2.879896162153090344e+01
2.870599845588903065e+01
2.860963920128168425e+01
2.850992519587043361e+01
2.840689777781684100e+01
2.830060782485822202e+01
2.819109031543897004e+01
2.807839612729639711e+01
2.796256023887491082e+01
2.784363034805323167e+01
2.772164461313434813e+01
2.759665391185556516e+01
2.746869640251987121e+01
2.733781660314740947e+01
2.720405585189974218e+01
2.706745866679702317e+01
2.692806956585939560e+01
2.678592670738983728e+01
2.664107778926708647e+01
2.649356255972340790e+01
2.634342712670824582e+01
2.619071282838315895e+01
2.603546259283900710e+01
2.587772093809593699e+01
2.571752761238622043e+01
2.555493031358858858e+01
2.538996878993531325e+01
2.522269550909299340e+01
2.505317565816256220e+01
2.488149509332572862e+01
2.470772695132987451e+01
2.453195708835671951e+01
2.435425387136576347e+01
2.417470315653872603e+01
2.399337808062298549e+01
2.381036131994167704e+01
2.362573078103005031e+01
2.343956278049407516e+01
2.325193681479829877e+01
2.306293238040726834e+01
2.287262420399765972e+01
2.268109496189260099e+01
2.248842097069805845e+01
2.229467854701999485e+01
2.209995036718154182e+01
2.190431274778866921e+01
2.170784200544733267e+01
2.151062081648067092e+01
2.131272549749464673e+01
2.111423236509522283e+01
2.091522250567624397e+01
2.071577223584366934e+01
2.051596264199134012e+01
2.031587004072521907e+01
2.011557233858057003e+01
1.991515062195122354e+01
1.971468120744314945e+01
1.951424200159160449e+01
1.931391250086113232e+01
1.911377061178699321e+01
1.891389424090444393e+01
1.871436447460732211e+01
1.851525762950159404e+01
1.831665002219322247e+01
1.811862273907604859e+01
1.792125368668532914e+01
1.772462236148560777e+01
1.752880349015356387e+01
1.733387974901232553e+01
1.713992586473856505e+01
1.694702451365541762e+01
1.675524883251026154e+01
1.656467990769693444e+01
1.637539723567998706e+01
1.618747872299467616e+01
1.600100068624696803e+01
1.581604262190140631e+01
1.563267766670537817e+01
1.545095033867902856e+01
1.527090038605463107e+01
1.509257073692304374e+01
1.491599795965795572e+01
1.474122339242093283e+01
1.456828519351495643e+01
1.439722470110159414e+01
1.422808166341311775e+01
1.406089741861109133e+01
1.389570853506920933e+01
1.373255635094903404e+01
1.357148061448284082e+01
1.341252266383219194e+01
1.325571986233542709e+01
1.310111354815411211e+01
1.294874346952051702e+01
1.279864857970227376e+01
1.265087021686094282e+01
1.250544653929951266e+01
1.236241888517954202e+01
1.222182620776866457e+01
1.208370825529915038e+01
1.194810557096791825e+01
1.181505710804260012e+01
1.168460340972011302e+01
1.155678422423273055e+01
1.143163770988343586e+01
1.130920758972773044e+01
1.118952963717465998e+01
1.107264678031508076e+01
1.095859638248732892e+01
1.084741978185297029e+01
1.073915672664427845e+01
1.063384617012888178e+01
1.053152945046834610e+01
1.043224472596565100e+01
1.033603253981771886e+01
1.024293264025682326e+01
1.015298557047988126e+01
1.006623028375452300e+01
9.982706528313020300e+00
9.902454847352293754e+00
9.825514989104618735e+00
9.751927496766912284e+00
9.681729733677510552e+00
9.614963832962628132e+00
9.551668747889888067e+00
9.491885021656214505e+00
9.435650812564587042e+00
9.382996329271533043e+00
9.333904082554855819e+00
9.288345453687314901e+00
9.246291823941673371e+00
9.207716164519988311e+00
9.172587471801081804e+00
9.140880306916303155e+00
9.112564461209119671e+00
9.087611315952297986e+00
9.065993842347889853e+00
9.047682626704013131e+00
9.032650640222721350e+00
9.020866879282841921e+00
9.012305905015718821e+00
9.006936713800179461e+00
9.004733071802920819e+00
9.005665565332064304e+00
9.009705575660369448e+00
9.016825279025244555e+00
9.026996056699456261e+00
9.040190084920407543e+00
9.056377155031574588e+00
9.075531033199656150e+00
9.097623100697411758e+00
9.122623148868317600e+00
9.150504148914425429e+00
9.181238277073143550e+00
9.214795324687944600e+00
9.251148262960882107e+00
9.290269268129364377e+00
9.332128131536864046e+00
9.376697029420787644e+00
9.423948932983190474e+00
9.473854428532190397e+00
9.526384102375903495e+00
9.581511720681028521e+00
9.639207869755686886e+00
9.699443930872636344e+00
9.762191285304641752e+00
9.827422109289113195e+00
9.895107784098811976e+00
9.965220485971146402e+00
1.003773000624958911e+01
1.011261011110083885e+01
1.018983138683301348e+01
1.026936680464816654e+01
1.035118536092512365e+01
1.043526082183058534e+01
1.052156377367266771e+01
1.061006639268878082e+01
1.070073449539916943e+01
1.079351163931400315e+01
1.088833581719093502e+01
1.098514661171691031e+01
1.108388042572028986e+01
1.118447684188801894e+01
1.128687305801310359e+01
1.139100786181784208e+01
1.149681924605988748e+01
1.160424599846153981e+01
1.171322690674509381e+01
1.182369837373891563e+01
1.193559918716530177e+01
1.204886733978190527e+01
1.216344241427567141e+01
1.227926081347495924e+01
1.239626212006671402e+01
1.251438353184394536e+01
1.263356383652894799e+01
1.275374261680866717e+01
1.287485548054682027e+01
1.299684201043035081e+01
1.311964019921691182e+01
1.324318803966415636e+01
1.336742431949438092e+01
1.349228782642988733e+01
1.361771575826367986e+01
1.374364610775341333e+01
1.387001686765674080e+01
1.399676762066060398e+01
1.412383476959336726e+01
1.425115789714197234e+01
1.437867499606407407e+01
1.450632564904661592e+01
1.463404466898866829e+01
1.476177163857717645e+01
1.488944614049908211e+01
1.501700616751204009e+01
1.514438971237370168e+01
1.527153317791242948e+01
1.539837773674445920e+01
1.552485820176886122e+01
1.565091733553116171e+01
1.577648836100114060e+01
1.590151245079503184e+01
1.602592600774119802e+01
1.614967020445587664e+01
1.627267985383813098e+01
1.639489771843349786e+01
1.651625702121174655e+01
1.663670211464770077e+01
1.675619166057979470e+01
1.687468909063433387e+01
1.699215783643762734e+01
1.710856132961598775e+01
1.722386300179571705e+01
1.733802469467383389e+01
1.745100983987664733e+01
1.756278027910117601e+01
1.767330262383230988e+01
1.778253871576706047e+01
1.789044880667316306e+01
1.799699950803550053e+01
1.810215266155109148e+01
1.820587169884624856e+01
1.830811846161798329e+01
1.840885956135118562e+01
1.850805524981358730e+01
1.860566736870220339e+01
1.870166252950192032e+01
1.879600098398046626e+01
1.888864775369344073e+01
1.897956468033786237e+01
1.906871837539862113e+01
1.915606591078486076e+01
1.924157548791075811e+01
1.932520894847333537e+01
1.940692813416960760e+01
1.948669647662588744e+01
1.956447899739776730e+01
1.964023594825297536e+01
1.971393235074711114e+01
1.978553163650648372e+01
1.985499723715740217e+01
1.992228940446759111e+01
1.998737474992194052e+01
2.005021511521746547e+01
2.011077234205118813e+01
2.016901145197870449e+01
2.022489428669703315e+01
2.027838427783247965e+01
2.032944644694064706e+01
2.037804104578925646e+01
2.042413309593391091e+01
2.046768443907162549e+01
2.050866009675800328e+01
2.054702032076076534e+01
2.058273172256480521e+01
2.061575455393784750e+01
2.064605542636477864e+01
2.067360095133049569e+01
2.069840225834003533e+01
2.072047206682771758e+01
2.073982945594503846e+01
2.075648555519703820e+01
2.077045944373520214e+01
2.078176384099385743e+01
2.079041623619521317e+01
2.079643252863216674e+01
2.079982543773905590e+01
2.080061245273807558e+01
2.079880788299284688e+01
2.079442762779627785e+01
2.078748917637057048e+01
2.077800524815005190e+01
2.076599174242763013e+01
2.075146614842550719e+01
2.073444277550730064e+01
2.071493593303662806e+01
2.069296152030640101e+01
2.066853702653882152e+01
2.064167676109750360e+01
2.061239503334606837e+01
2.058070774257742386e+01
2.054663078808448162e+01
2.051018006916015324e+01
2.047137148509733962e+01
2.043021934525966898e+01
2.038673954894004581e+01
2.034094640550209121e+01
2.029285899409729410e+01
2.024248685430140071e+01
2.018985224512448440e+01
2.013496629607158184e+01
2.007784490643560460e+01
2.001850397550946070e+01
1.995696099251534861e+01
1.989322708695830499e+01
1.982732133798982588e+01
1.975925805497352883e+01
1.968905313720231831e+01
1.961672248396910589e+01
1.954228040463751626e+01
1.946574279850045031e+01
1.938712556485081961e+01
1.930644301305224886e+01
1.922371104239763895e+01
1.913894555217990501e+01
1.905216244169195505e+01
1.896337761022669710e+01
1.887260854700633317e+01
1.877990135998030041e+01
1.868529738731016465e+01
1.858884591680394394e+01
1.849058987655249808e+01
1.839058014429312848e+01
1.828885964811669851e+01
1.818547449597264176e+01
1.808047238573969295e+01
1.797389783543798814e+01
1.786579854294626557e+01
1.775622061621395886e+01
1.764521016319050517e+01
1.753281329182534165e+01
1.741907293020932457e+01
1.730403995607976597e+01
1.718775888745681257e+01
1.707027583228989798e+01
1.695163848845775689e+01
1.683188819412194803e+01
1.671107582701978345e+01
1.658924749510070029e+01
1.646644612645555839e+01
1.634272100889237578e+01
1.621811507050200163e+01
1.609267918902175509e+01
1.596645629254248711e+01
1.583949248901363660e+01
1.571183547631392941e+01
1.558352977246351756e+01
1.545462307534112512e+01
1.532515990296689878e+01
1.519518795321956972e+01
1.506475333404857331e+01
1.493390056347405803e+01
1.480267892930404194e+01
1.467112976970008908e+01
1.453930396239951151e+01
1.440724602542245414e+01
1.427500365664764814e+01
1.414261978416594623e+01
1.401014210585607955e+01
1.387761672966748350e+01
1.374509135347888744e+01
1.361261049531043810e+01
1.348021867318228217e+01
1.334796517490243950e+01
1.321589690338499068e+01
1.308405599175614853e+01
1.295249252278857810e+01
1.282124783464384343e+01
1.269035849569563545e+01
1.255985550956512853e+01
1.242977464966136836e+01
1.230014691960553108e+01
1.217100411798343096e+01
1.204238122323947380e+01
1.191430923899483041e+01
1.178682234872925605e+01
1.165995235102857208e+01
1.153373342937253021e+01
1.140819817731159880e+01
1.128337680350230343e+01
1.115930508135369159e+01
1.103601560441622631e+01
1.091353937631108373e+01
1.079191058051801555e+01
1.067116260555213536e+01
1.055132645503461575e+01
1.043243631244521197e+01
1.031452477133438705e+01
1.019762522021725282e+01
1.008176866271498184e+01
9.966989282307329390e+00
9.853320467509405489e+00
9.740793221942386282e+00
9.629441729086023471e+00
9.519298582490781868e+00
9.410397170671773281e+00
9.302769292214817298e+00
9.196447540670376952e+00
9.091466099518207500e+00
8.987856767344126752e+00
8.885652137698603070e+00
8.784887189026033383e+00
8.685591335018303383e+00
8.587800349084456997e+00
8.491545234845668588e+00
8.396859380817049967e+00
8.303776175513707614e+00
8.212327417521462891e+00
8.122546495355425833e+00
8.034466797530704696e+00
7.948120917597766066e+00
7.863539859177781643e+00
7.780759395679798907e+00
7.699810530724991331e+00
7.620725857863823727e+00
7.543538765611404351e+00
7.468282642482845013e+00
7.394983722311446073e+00
7.323642005097206642e+00
7.254251926087609270e+00
7.186808715494780841e+00
7.121306808566202129e+00
7.057739845584711347e+00
6.996103056762433603e+00
6.936391672311496670e+00
6.878597742585446539e+00
6.822717292761055319e+00
6.768743963121159446e+00
6.716672983877885805e+00
6.666498392796392558e+00
6.618215022606485753e+00
6.571816911073322665e+00
6.527298095962064117e+00
6.484653807484835220e+00
6.443878480889119409e+00
6.404965756457751347e+00
6.367910864402859694e+00
6.332707842489601724e+00
6.299351125965460874e+00
6.267835150077917916e+00
6.238154350074453625e+00
6.210303956167196660e+00
6.184276416192014736e+00
6.160068550290325184e+00
6.137673601262642720e+00
6.117085606874124615e+00
6.098299399854576031e+00
6.081309415451479516e+00
6.066110486394638457e+00
6.052696650449211901e+00
6.041062342862681511e+00
6.031202793847175059e+00
6.023110451238559371e+00
6.016782135178253554e+00
6.012210293502125324e+00
6.009390553904625065e+00
6.008317351633233550e+00
6.008983929488464604e+00
6.011386312647090335e+00
6.015517346427302847e+00
6.021373056005873359e+00
6.028947479147961808e+00
6.038234256136402855e+00
6.049227822218680828e+00
6.061923805089242556e+00
6.076315447548603643e+00
6.092397582326568362e+00
6.110160669847389592e+00
6.129576886348476528e+00
6.150614035761688747e+00
6.173239524536558775e+00
6.197423144016561913e+00
6.223131505686585463e+00
6.250332413478489002e+00
6.278995261253421667e+00
6.309087455460918648e+00
6.340576005068193410e+00
6.373430701418716815e+00
6.407618553479702328e+00
6.443108160147653862e+00
6.479866132907460496e+00
6.517862660584918366e+00
6.557063957182593050e+00
6.597438621596990238e+00
6.638954855242289455e+00
6.681581654497317224e+00
6.725284835882318291e+00
6.770034190740765290e+00
6.815797125522193411e+00
6.862541841640783069e+00
6.910235745546070341e+00
6.958847833616881751e+00
7.008345512302752489e+00
7.058696983017862969e+00
7.109870447176395380e+00
7.161833311227884913e+00
7.214554571551157203e+00
7.268002429560394440e+00
7.322143496740485702e+00
7.376946769470258403e+00
7.432379654199246843e+00
7.488411147306278437e+00
7.545007860276243150e+00
7.602139584452611842e+00
7.659772931320276257e+00
7.717876897258062030e+00
7.776419683680149575e+00
7.835367107106784523e+00
7.894690548810729069e+00
7.954354235382937510e+00
8.014329548096171152e+00
8.074583893399967849e+00
8.135083882779214903e+00
8.195798512612741504e+00
8.256695189350081066e+00
8.317742909370062776e+00
8.378909079122218273e+00
8.440161900020731522e+00
8.501475933196946499e+00
8.562822559923624510e+00
8.624176341332113083e+00
8.685510248624463969e+00
8.746797253002732475e+00
8.808011120633617352e+00
8.869125617683817353e+00
8.930114510320033006e+00
8.990949179815025616e+00
9.051604982264787935e+00
9.112054093906724717e+00
9.172271075872183488e+00
9.232228899363217778e+00
9.291900535581879339e+00
9.351258955730225253e+00
9.410279515904242942e+00
9.468932802412052041e+00
9.527194171349641749e+00
9.585036593919067371e+00
9.642433836287024107e+00
9.699358074690925591e+00
9.755783870262112245e+00
9.811684194202641152e+00
9.867032017714564063e+00
9.921801901929224954e+00
9.975966023084035683e+00
1.002949814734569323e+01
1.008237204088089634e+01
1.013456067489170209e+01
1.018603781554480570e+01
1.023677563907761723e+01
1.028674950158612766e+01
1.033593157930774353e+01
1.038429563840916714e+01
1.043181385512780501e+01
1.047846238052429158e+01
1.052421180090674646e+01
1.056903588244186842e+01
1.061290998122564666e+01
1.065580547853084603e+01
1.069769773045345396e+01
1.073855732330159007e+01
1.077835961317124536e+01
1.081707836622911678e+01
1.085468575871261443e+01
1.089115635175308228e+01
1.092646232158792863e+01
1.096057663941920701e+01
1.099347466134291018e+01
1.102513253841967078e+01
1.105554629582626269e+01
1.108471593356268592e+01
1.111264065666429346e+01
1.113931967016644364e+01
1.116475376903377814e+01
1.118894215830165351e+01
1.121188483797006974e+01
1.123358101307437984e+01
1.125403068361458381e+01
1.127323305462603820e+01
1.129118892107338823e+01
1.130789828295663213e+01
1.132335875538183423e+01
1.133757113331364152e+01
1.135053541675205224e+01
1.136225240066171160e+01
1.137271811021939349e+01
1.138193652024832403e+01
1.138990604081921276e+01
1.139662508200276925e+01
1.140209443876363871e+01
1.140631172620788547e+01
1.140928012419409043e+01
1.141099804279296137e+01
1.141146468703985661e+01
1.141068005693477261e+01
1.140864335751306413e+01
1.140535458877473296e+01
1.140081454568442432e+01
1.139502084334820076e+01
1.138797427673070750e+01
1.137967484583194633e+01
1.137012175568727024e+01
1.135931580126132623e+01
1.134725698255411075e+01
1.133394132474240124e+01
1.131937359761406725e+01
1.130354903138123746e+01
1.128647001093784752e+01
1.126813574131925222e+01
1.124854542756080455e+01
1.122769986462715330e+01
1.120559825755365146e+01
1.118223901641100682e+01
1.115762373112850980e+01
1.113175160674151876e+01
1.110462184828538490e+01
1.107623366079546479e+01
1.104658863420104709e+01
1.101568835843142402e+01
1.098355111767344283e+01
1.095019758100788287e+01
1.091564921248017406e+01
1.087992668117109929e+01
1.084305145112608493e+01
1.080504339646126688e+01
1.076592557115136728e+01
1.072571705434787503e+01
1.068444090002550872e+01
1.064211618733576081e+01
1.059876517528870643e+01
1.055440853296512316e+01
1.050906772441044268e+01
1.046276262374080090e+01
1.041551548996627119e+01
1.036734778713227989e+01
1.031827938935496647e+01
1.026833096571511206e+01
1.021752477522278824e+01
1.016588228192342669e+01
1.011342335993315977e+01
1.006016867833277395e+01
1.000614049613233902e+01
9.951359482412639679e+00
9.895846306254458824e+00
9.839622431703222816e+00
9.782709322804358010e+00
9.725126853674005645e+00
9.666897283322233747e+00
9.608040485865183555e+00
9.548579515277571872e+00
9.488532655746244160e+00
9.427923756210565998e+00
9.366771100857384624e+00
9.305097743661415066e+00
9.242924353703440232e+00
9.180271600064246584e+00
9.117160151824611702e+00
9.053613062959257718e+00
8.989649412619673541e+00
8.925289869886643856e+00
8.860557488734885467e+00
8.795471348315890836e+00
8.730053707639733318e+00
8.664326030751841046e+00
8.598308191768348152e+00
8.532020859770041099e+00
8.465487088731636689e+00
8.398726752769270831e+00
8.331760520963726435e+00
8.264609857360433409e+00
8.197294636075525887e+00
8.129835526189788553e+00
8.062254786713291210e+00
7.994570701832884652e+00
7.926806325523283903e+00
7.858979941971336203e+00
7.791113810187114019e+00
7.723227804286755926e+00
7.655344183280333503e+00
7.587480436390048766e+00
7.519660412555264628e+00
7.451903190927473553e+00
7.384229440587456672e+00
7.316660625580643007e+00
7.249216620023169355e+00
7.181918092995816849e+00
7.114786508544014509e+00
7.047841740783898246e+00
6.981104458796251855e+00
6.914595331661856470e+00
6.848335823426141111e+00
6.782345808205240800e+00
6.716645955079939334e+00
6.651256535648696122e+00
6.586199411439261020e+00
6.521494456567771714e+00
6.457162737597333724e+00
6.393224128644082072e+00
6.329700093753446666e+00
6.266611302006208639e+00
6.203978025000827401e+00
6.141820534335764137e+00
6.080160294056445203e+00
6.019017178279007396e+00
5.958412651048879738e+00
5.898366586482198137e+00
5.838900448624390727e+00
5.780034906556239527e+00
5.721789436911559612e+00
5.664186298700423450e+00
5.607244571074322614e+00
5.550986115561007850e+00
5.495430806276615954e+00
5.440600107266575058e+00
5.386513892647021073e+00
5.333192831498737796e+00
5.280658387867151582e+00
5.228930833350722729e+00
5.178027259689329753e+00
5.127954424082457940e+00
5.078715506388689072e+00
5.030313288984283204e+00
4.982750951727823008e+00
4.936032071960211098e+00
4.890159034575384922e+00
4.845135019431926260e+00
4.800964001353062116e+00
4.757648365232729937e+00
4.715191688411833226e+00
4.673596753266632042e+00
4.632867137138030778e+00
4.593005224919965990e+00
4.554014593953342072e+00
4.515898424096739916e+00
4.478659895208743080e+00
4.442302187147933346e+00
4.406827684808245493e+00
4.372240760495231804e+00
4.338543401620504447e+00
4.305739583007291316e+00
4.273831689549528967e+00
4.242823696070444406e+00
4.212717987463974190e+00
4.183517743588700100e+00
4.155226939267850028e+00
4.127847959395359645e+00
4.101383586347489008e+00
4.075838192429787732e+00
4.051213367571546264e+00
4.027513881560638609e+00
4.004741324326354324e+00
3.982899670691922189e+00
3.961992100515923099e+00
3.942021396174616665e+00
3.922990737526585114e+00
3.904903701912732394e+00
3.887763071709317675e+00
3.871571629292601013e+00
3.856333349485808526e+00
3.842050219700555047e+00
3.828726214760067137e+00
3.816364514522927021e+00
3.804968298847716923e+00
3.794539952628372514e+00
3.785083053205799075e+00
3.776600780438577942e+00
3.769096314185291785e+00
3.762572834304521940e+00
3.757030340796268408e+00
3.752458896602463234e+00
3.748843794877164459e+00
3.746173111150690627e+00
3.744432933541745001e+00
3.743609350169032624e+00
3.743689244115902870e+00
3.744659895948028172e+00
3.746506996301790071e+00
3.749217030778215332e+00
3.752778074907621608e+00
3.757175024361745219e+00
3.762395557188581208e+00
3.768425761506833283e+00
3.775252122917529540e+00
3.782861921986341081e+00
3.791240849349650333e+00
3.800376583055451896e+00
3.810254813740127311e+00
3.820862424487025955e+00
3.832185900897175479e+00
3.844212126053924816e+00
3.856927585558301175e+00
3.870318765011331763e+00
3.884372944978688569e+00
3.899075418614430522e+00
3.914413863966552665e+00
3.930374766636081763e+00
3.946944214741722412e+00
3.964109091366823989e+00
3.981855882112413259e+00
4.000171470061840040e+00
4.019042340816131542e+00
4.038454979976314085e+00
4.058396270625737934e+00
4.078852698365429852e+00
4.099810351314093104e+00
4.121256510037401455e+00
4.143177262654059057e+00
4.165559492247414397e+00
4.188390081900817741e+00
4.211655119732973240e+00
4.235341488827231160e+00
4.259435674784617376e+00
4.283924560688482153e+00
4.308794234657529643e+00
4.334031579775110110e+00
4.359623479124571155e+00
4.385555623342296983e+00
4.411815690476280416e+00
4.438389768645226496e+00
4.465261561073903707e+00
4.492416758398692700e+00
4.519839461326683683e+00
4.547513770564967750e+00
4.575424184302958608e+00
4.603555598212390798e+00
4.631892113000355415e+00
4.660418226856267054e+00
4.689118437969536757e+00
4.717976449564933006e+00
4.746977952278838231e+00
4.776106251853696527e+00
4.805346641443567712e+00
4.834683221755540217e+00
4.864100490979028635e+00
4.893582549821124061e+00
4.923113896471238426e+00
4.952679426601108048e+00
4.982263638400146633e+00
5.011850235093120887e+00
5.041424112351768017e+00
5.070969768365500840e+00
5.100471303841410453e+00
5.129913614451231396e+00
5.159280800902054764e+00
5.188556963900971652e+00
5.217727794084363602e+00
5.246776199712351207e+00
5.275687473938995176e+00
5.304446114953707436e+00
5.333036223463579084e+00
5.361442297658022937e+00
5.389648835726452702e+00
5.417640335858282086e+00
5.445400898760600406e+00
5.472915420105143980e+00
5.500168398081325627e+00
5.527143535913914718e+00
5.553825729274645795e+00
5.580199873835255175e+00
5.606249672820510455e+00
5.631960021902147950e+00
5.657315021787258758e+00
5.682299568147577418e+00
5.706897364207872414e+00
5.731093305639879176e+00
5.754871890633012299e+00
5.778217219894361101e+00
5.801114189095661011e+00
5.823549283837940571e+00
5.845515349439390107e+00
5.867007616112136503e+00
5.888022109032951867e+00
5.908553660931640472e+00
5.928597502020330978e+00
5.948149657475794605e+00
5.967205357510158237e+00
5.985759434853227923e+00
6.003807517199452271e+00
6.021344834760959053e+00
6.038367412714520377e+00
6.054869686307617904e+00
6.070847283234702019e+00
6.086296228672545716e+00
6.101210162903983658e+00
6.115586701035081063e+00
6.129419483348672593e+00
6.142704535021532131e+00
6.155436688783463950e+00
6.167611969811240158e+00
6.179226005799310251e+00
6.190273231995157666e+00
6.200748878610907511e+00
6.210649765787978893e+00
6.219969533809207363e+00
6.228704207851366803e+00
6.236849415608906710e+00
6.244400387293953081e+00
6.251351955636311075e+00
6.257700543295076301e+00
6.263440983000053031e+00
6.268567709998722925e+00
6.273076749467858981e+00
6.276964126584232417e+00
6.280224674077649283e+00
6.282853622160235574e+00
6.284846201044119951e+00
6.286198038423750134e+00
6.286904364511254784e+00
6.286960409518760784e+00
6.286361801140718519e+00
6.285103769589253986e+00
6.283181942558817568e+00
6.280590755296890926e+00
6.277326630462569668e+00
6.273384400785657178e+00
6.268759296478282117e+00
6.263447342717216593e+00
6.257442577267619654e+00
6.250744205164845191e+00
6.243356598714443706e+00
6.235288105045192708e+00
6.226545878838901871e+00
6.217137869742025202e+00
6.207072027401017600e+00
6.196355903980011348e+00
6.184997846607783956e+00
6.173004612483821596e+00
6.160384946219224389e+00
6.147145605013479397e+00
6.133295333477687628e+00
6.118841286293656978e+00
6.103790618143196234e+00
6.088152471119729903e+00
6.071933999905066770e+00
6.055141961698693898e+00
6.037785498594032241e+00
6.019872162755215861e+00
6.001409108864053543e+00
5.982404286566999296e+00
5.962865248028186294e+00
5.942799942894068543e+00
5.922216718293423554e+00
5.901122331425738388e+00
5.879525129419789664e+00
5.857431869475064445e+00
5.834852091167308075e+00
5.811792154213685002e+00
5.788260405742971848e+00
5.764264397919301786e+00
5.739811285424483600e+00
5.714910210351940023e+00
5.689567532418834617e+00
5.663791996236267501e+00
5.637590359003726626e+00
5.610971365332311223e+00
5.583942169903830077e+00
5.556510722364738086e+00
5.528684574879168423e+00
5.500471677093575096e+00
5.471879978654412113e+00
5.442916634243490037e+00
5.413589593507262876e+00
5.383906806092185526e+00
5.353875824162389385e+00
5.323504994846653737e+00
5.292801075344462980e+00
5.261772810266919009e+00
5.230426559331184500e+00
5.198772259595329182e+00
5.166819450635096622e+00
5.134580056920171387e+00
5.102064412990942266e+00
5.069284045834771213e+00
5.036250482439015741e+00
5.002974852308712528e+00
4.969467887466576528e+00
4.935741114899967030e+00
4.901805266631597213e+00
4.867672664613471589e+00
4.833353245903659889e+00
4.798858934971844015e+00
4.764200463840737143e+00
4.729389359497698564e+00
4.694436751447765843e+00
4.659353769195975659e+00
4.624151144765040300e+00
4.588840802624644333e+00
4.553433872279821770e+00
4.517941085753288455e+00
4.482373572550081064e+00
4.446743257139880612e+00
4.411060474063078551e+00
4.375337147789357672e+00
4.339583612859108541e+00
4.303811793742013947e+00
4.268033217425432291e+00
4.232257423485109804e+00
4.196497528837697111e+00
4.160763868023584777e+00
4.125067173065486870e+00
4.089418970950763565e+00
4.053830788666773266e+00
4.018313358236230926e+00
3.982878604128817113e+00
3.947536463402601559e+00
3.912299258009588332e+00
3.877178117454814998e+00
3.842183376278672124e+00
3.807326561468518999e+00
3.772619200011715357e+00
3.738072421413297874e+00
3.703696957695980174e+00
3.669505130811767213e+00
3.635506480336404778e+00
3.601713328221897381e+00
3.568136406490959533e+00
3.534787242130950524e+00
3.501676964646906587e+00
3.468815511096896564e+00
3.436208843715760963e+00
3.403862527256019010e+00
3.371780536540897266e+00
3.339969231287559737e+00
3.308432586319234314e+00
3.277176365129600200e+00
3.246205138765368758e+00
3.215523677014413106e+00
3.185137743370412888e+00
3.155051908880079470e+00
3.125271340813608578e+00
3.095800808958873329e+00
3.066645679327229868e+00
3.037810522965390447e+00
3.009301103367034713e+00
2.981121395355389669e+00
2.953277559906458016e+00
2.925773770584628064e+00
2.898615194660095984e+00
2.871807198144218365e+00
2.845354948307191378e+00
2.819262817454564196e+00
2.793536171597694295e+00
2.768179979265616097e+00
2.743199208987363136e+00
2.718599226774293331e+00
2.694384603673117162e+00
2.670560705695192549e+00
2.647132103887230414e+00
2.624104363001748652e+00
2.601482054085459961e+00
2.579270543149720041e+00
2.557474798723564202e+00
2.536099590594864228e+00
2.515150483516139346e+00
2.494631651051777865e+00
2.474548856695459431e+00
2.454906671493895853e+00
2.435710461458443721e+00
2.416964996376976149e+00
2.398675443519688422e+00
2.380846970156776710e+00
2.363483948593790629e+00
2.346592142324409824e+00
2.330176321136507411e+00
2.314241453559117367e+00
2.298792508121274558e+00
2.283834453352012073e+00
2.269372854003849582e+00
2.255410293711883618e+00
2.241944586323339816e+00
2.228971160791506367e+00
2.216485247328511043e+00
2.204482871111125952e+00
2.192959262351477978e+00
2.181910247485178811e+00
2.171331255465517085e+00
2.161217516504619685e+00
2.151565254520420911e+00
2.142369699725047205e+00
2.133626281071787645e+00
2.125330824996253476e+00
2.117478959192894639e+00
2.110065715132676711e+00
2.103087316733533552e+00
2.096538795466431182e+00
2.090415977766980848e+00
2.084714690070793797e+00
2.079429963848835605e+00
2.074557625536717964e+00
2.070093501570051675e+00
2.066032623419802761e+00
2.062370817521582467e+00
2.059103910311002039e+00
2.056226933259027057e+00
2.053735911542430514e+00
2.051626075373339297e+00
2.049893251187364651e+00
2.048532867937795210e+00
2.047540553319080470e+00
2.046911736284509509e+00
2.046642243269693573e+00
2.046727503227920852e+00
2.047162945112479981e+00
2.047944395358981762e+00
2.049067084179554410e+00
2.050526838009808284e+00
2.052319085803032017e+00
2.054439852735998606e+00
2.056883971538512323e+00
2.059647268646184415e+00
2.062725570494625682e+00
2.066114306037125647e+00
2.069808904226971613e+00
2.073805191499775713e+00
2.078098398067664832e+00
2.082684350366250214e+00
2.087558477348820052e+00
2.092716406709824728e+00
2.098153567402552877e+00
2.103864394674485716e+00
2.109843522514266212e+00
2.116085187428215164e+00
2.122583824663813790e+00
2.129334068209705499e+00
2.136329955831048899e+00
2.143566121516487399e+00
2.151037000513502662e+00
2.158736829328414153e+00
2.166660241949866172e+00
2.174801474884178187e+00
2.183154963378831859e+00
2.191715341422470598e+00
2.200476845521414759e+00
2.209433712181984255e+00
2.218580774133983802e+00
2.227912267883733755e+00
2.237422231196392719e+00
2.247105695542926274e+00
2.256956499947333050e+00
2.266969675880577739e+00
2.277139062366658528e+00
2.287459293394217941e+00
2.297924804210738081e+00
2.308530030063700611e+00
2.319269406200587191e+00
2.330137169127717733e+00
2.341127952833735648e+00
2.352235993824961291e+00
2.363455727348876323e+00
2.374781787394123267e+00
2.386208211725861617e+00
2.397729833073895644e+00
2.409340689203384400e+00
2.421035414102970851e+00
2.432808244278974907e+00
2.444654012461201731e+00
2.456566557673648177e+00
2.468540712646118962e+00
2.480570515143773136e+00
2.492650797896414971e+00
2.504775598669203518e+00
2.516939750191942604e+00
2.529137290229792168e+00
2.541362852771394731e+00
2.553610674323070207e+00
2.565875190132301142e+00
2.578151034187729618e+00
2.590432442995676876e+00
