# tt
1.021272687740007314e+03
9.623737698761808588e+02
9.040906761447596409e+02
8.583774361932497641e+02
8.249715208971293805e+02
8.018604613570851143e+02
7.865584730836044400e+02
7.772650438310093932e+02
7.727279198508783793e+02
7.715709092267022697e+02
7.738041875059429913e+02
7.781907133836350567e+02
7.834587469379673621e+02
7.899493216421317356e+02
7.982124767141909842e+02
8.080206869128928702e+02
8.189431195586928425e+02
8.305116994683352232e+02
8.423502875298838717e+02
8.544874261539700910e+02
8.670266515360203812e+02
8.799658776888053353e+02
8.932670480648165494e+02
9.068514039266974578e+02
9.206550428363863148e+02
9.347111370786094540e+02
9.490524519161947410e+02
9.636139656008596148e+02
9.783354388916283142e+02
9.932745671426109766e+02
1.008497389656836617e+03
1.023985386937924090e+03
1.039683509274103471e+03
1.055476569468104344e+03
1.071293033421267864e+03
1.087298050268903580e+03
1.103656972657270899e+03
1.120301013885525663e+03
1.137102470833018742e+03
1.153961012601774200e+03
1.170883660319540695e+03
1.187904705581265716e+03
1.205058541737370660e+03
1.222379256871854068e+03
1.239893917940964457e+03
1.257600998612582998e+03
1.275491646160417531e+03
1.293557313124599887e+03
1.311789045023363542e+03
1.330180634772756321e+03
1.348735033281542655e+03
1.367457633589877105e+03
1.386353523471490689e+03
1.405428299477488054e+03
1.424686235337802600e+03
1.444128145096231719e+03
1.463753926997300596e+03
1.483563479285534868e+03
1.503556496694510315e+03
1.523733895023498690e+03
1.544099439225061133e+03
1.564657403029131501e+03
1.585412975964915631e+03
1.606370533517821968e+03
1.627533535373987888e+03
1.648901269245090816e+03
1.670472310554486057e+03
1.692244624192681613e+03
1.714216276805659163e+03
1.736388591214589042e+03
1.758773574565476338e+03
1.781386286668565162e+03
1.804241380312200818e+03
1.827354322328525541e+03
1.850734474221204664e+03
1.874371863953725324e+03
1.898251228204894232e+03
1.922356896631619975e+03
1.946674012934607617e+03
1.971190976989750652e+03
1.995911859016033986e+03
2.020844188918579221e+03
2.045996107135356169e+03
2.071375347082436292e+03
2.096987403555448509e+03
2.122827188780662709e+03
2.148887579874854509e+03
2.175160843421952904e+03
2.201639653027785698e+03
2.228317903363875303e+03
2.255192338255033519e+03
2.282261533124616562e+03
2.309523656374080019e+03
2.336976876404881750e+03
2.364619768640377060e+03
2.392450094460123637e+03
2.420466429287476785e+03
2.448666534501995557e+03
2.477049392548933156e+03
2.505612968318797357e+03
2.534355023191146756e+03
2.563274336100285382e+03
2.592368871936721007e+03
2.621637002612860215e+03
2.651076896530159047e+03
2.680686925601024086e+03
2.710465054715962196e+03
2.740409859298329593e+03
2.770519507749582772e+03
2.800790743894533989e+03
2.831216444849959316e+03
2.861787452623143508e+03
2.892495423265167119e+03
2.923330995272365271e+03
2.954286028206768606e+03
2.985351567586609690e+03
3.016518658930122456e+03
3.047778958288387912e+03
3.079123104157741182e+03
3.110542956100211995e+03
3.142029152612135931e+03
3.173573349744593543e+03
3.205167203548666293e+03
3.236800945498790043e+03
3.268466638667945062e+03
3.300154921552466021e+03
3.331857450203433473e+03
3.363565677160980158e+03
3.395270240921439836e+03
3.426962797535894879e+03
3.458635613588273372e+03
3.490281159173453489e+03
3.521891293853465413e+03
3.553459098256034849e+03
3.584976024921294083e+03
3.616434747455070465e+03
3.647827939463190887e+03
3.679147460507685537e+03
3.710385577172483863e+03
3.741534963063412761e+03
3.772587884764400769e+03
3.803536608859377338e+03
3.834373401932271008e+03
3.865090530567010774e+03
3.895680668369423074e+03
3.926136081923438269e+03
3.956448630791085179e+03
3.986610988578192064e+03
4.016615421868687008e+03
4.046454197246499916e+03
4.076119174273660065e+03
4.105601805490299739e+03
4.134894357480347026e+03
4.163987875762037220e+03
4.192874626919297043e+03
4.221545656470360882e+03
4.249993230999157277e+03
4.278209210067716413e+03
4.306184639194272677e+03
4.333911784962753700e+03
4.361382099913292222e+03
4.388587443607917521e+03
4.415519675608660691e+03
4.442170248455652654e+03
4.468531021710925415e+03
4.494593447914609897e+03
4.520348979606837929e+03
4.545790697415334762e+03
4.570908832814537163e+03
4.595695652388375493e+03
4.620143015698877207e+03
4.644242375286176866e+03
4.667985590712302837e+03
4.691364114517387861e+03
4.714370620307259742e+03
4.736996153600151047e+03
4.759234202045685379e+03
4.781076625205894743e+03
4.802516503708503478e+03
4.823545290093644326e+03
4.844156472010941798e+03
4.864341909022425170e+03
4.884094274733922248e+03
4.903405835729362479e+03
4.922268858592673496e+03
4.940676830973480719e+03
4.958620798390016716e+03
4.976093841470006737e+03
4.993089040841177848e+03
5.009597442021763527e+03
5.025612939683284822e+03
5.041126986365875382e+03
5.056132255675362103e+03
5.070621421217570969e+03
5.084587156598330694e+03
5.098021321379671463e+03
5.110916996189318525e+03
5.123265633567404620e+03
5.135060721163552444e+03
5.146295339605489062e+03
5.156969081871316121e+03
5.167082354982931065e+03
5.176635972984131513e+03
5.185629528853019110e+03
5.194064243655288919e+03
5.201940931434738559e+03
5.209259185169468765e+03
5.216020225925175509e+03
5.222224460723756238e+03
5.227871889565212769e+03
5.232963733515239255e+03
5.237499585551937344e+03
5.241481480784799714e+03
5.244908198148130396e+03
5.247780958707626269e+03
5.250100983528980578e+03
5.251867458568398433e+03
5.253082011913473252e+03
5.253744643564204125e+03
5.253855760542489406e+03
5.253415769870229269e+03
5.252425892613117867e+03
5.250886128771155200e+03
5.248797292388138885e+03
5.246158976442169660e+03
5.242972809020842760e+03
5.239238790124156367e+03
5.234957733795909007e+03
5.230129640036099772e+03
5.224754915866627016e+03
5.218834782353187620e+03
5.212369646517678120e+03
5.205359101338201981e+03
5.197804774902350800e+03
5.189706667210126398e+03
5.181065185283427127e+03
5.171881143166049696e+03
5.162154540857993197e+03
5.151886599424954511e+03
5.141077318866932728e+03
5.129727513227725467e+03
5.117837182507332727e+03
5.105407954793347017e+03
5.092439016041972536e+03
5.078931180297006904e+03
5.064885261602245919e+03
5.050302074001486289e+03
5.035181210472831481e+03
5.019524299103873091e+03
5.003332560960308001e+03
4.986614136480105117e+03
4.969378387166930224e+03
4.951634674524448201e+03
4.933392360056323923e+03
4.914661212288121533e+03
4.895450592723505906e+03
4.875769455844243566e+03
4.855627570175897745e+03
4.835034297222133318e+03
4.813998998486616983e+03
4.792531035473012707e+03
4.770639769684985367e+03
4.748334969648099104e+03
4.725625996866018795e+03
4.702521805820511872e+03
4.679032165037140658e+03
4.655166436019570938e+03
4.630933980271467590e+03
4.606344159296495491e+03
4.581406334598321337e+03
4.556130274702506540e+03
4.530525341112717797e+03
4.504600488310720721e+03
4.478365077800181098e+03
4.451829285128560514e+03
4.425002064777626401e+03
4.397892778251042728e+03
4.370510380030576925e+03
4.342865452685589844e+03
4.314966543675948742e+03
4.286823421527217761e+03
4.258445447743061777e+03
4.229841576805248224e+03
4.201021984261237776e+03
4.171995217570899513e+03
4.142771452281695019e+03
4.113359642875391728e+03
4.083769557877552415e+03
4.054010151769944059e+03
4.024091193078130345e+03
3.994022043305776151e+03
3.963812063956546808e+03
3.933471023556006003e+03
3.903007469564021449e+03
3.872431577528055641e+03
3.841752301929875102e+03
3.810979411295043519e+03
3.780121860105326959e+03
3.749189823908188373e+03
3.718191850163495474e+03
3.687136893353014784e+03
3.656033500936614473e+03
3.624890220374162709e+03
3.593715599125528115e+03
3.562518591672476759e+03
3.531306524409181293e+03
3.500089165861205856e+03
3.468874656466519809e+03
3.437671543684991320e+03
3.406488374976488103e+03
3.375333697800879236e+03
3.344216059618031977e+03
3.313144007887814951e+03
3.282125683048197970e+03
3.251170446602845459e+03
3.220286438989727685e+03
3.189482004157763640e+03
3.158766096588719392e+03
3.128146856720565211e+03
3.097633035524117986e+03
3.067233180459246341e+03
3.036956042496767168e+03
3.006809355052751926e+03
2.976802886652764300e+03
2.946944167201926120e+03
2.917242354692953541e+03
2.887705793074764642e+03
2.858343029807228504e+03
2.829162408839263207e+03
2.800172681141687008e+03
2.771382394174367619e+03
2.742800095397173209e+03
2.714434332269971947e+03
2.686293652252631546e+03
2.658386602805021084e+03
2.630721527876058644e+03
2.603307381947511203e+03
2.576152305457348575e+03
2.549265049376388106e+03
2.522654161164497509e+03
2.496328188281544953e+03
2.470295474676450340e+03
2.444565178341928458e+03
2.419144829183101592e+03
2.394043992214584250e+03
2.369270604363396615e+03
2.344833416600356486e+03
2.320741179896280755e+03
2.297001627667240882e+03
2.273623307373104581e+03
2.250607236568619101e+03
2.227955450363275759e+03
2.205668355778973364e+03
2.183747173881407889e+03
2.162192718714375587e+03
2.141006414854521609e+03
2.120189076345642661e+03
2.099741720742485541e+03
2.079665365599795223e+03
2.059961028472318958e+03
2.040629726914802859e+03
2.021672478481992812e+03
2.003090300728635157e+03
1.984884414720425184e+03
1.967055430990210880e+03
1.949604774114636939e+03
1.932533258137500070e+03
1.915841900613546613e+03
1.899531922608472087e+03
1.883603934655124021e+03
1.868059564841096744e+03
1.852899220188288382e+03
1.838124325273343629e+03
1.823735694140059650e+03
1.809734344343182556e+03
1.796121496948407639e+03
1.782897965999532289e+03
1.770064972562251569e+03
1.757623534191311819e+03
1.745574261419560571e+03
1.733918782334592152e+03
1.722657707469254092e+03
1.711792054378292505e+03
1.701323044127402909e+03
1.691251592515856828e+03
1.681578615342926014e+03
1.672305435429780346e+03
1.663432968575691575e+03
1.654962028824456638e+03
1.646893837241771053e+03
1.639229411382380704e+03
1.631969667045557571e+03
1.625115723541522129e+03
1.618668496669546357e+03
1.612628902228901552e+03
1.606998466551706997e+03
1.601777596659861501e+03
1.596967818885484121e+03
1.592569743761422387e+03
1.588583574798626159e+03
1.585004325978838324e+03
1.581826400750955145e+03
1.579043490275550084e+03
1.576650201512468129e+03
1.574640225622282742e+03
1.573008067809364775e+03
1.571747520989761824e+03
1.570852886856895566e+03
1.570318263593237589e+03
1.570137749381260164e+03
1.570305340647960747e+03
1.570815237331285743e+03
1.571661741124656373e+03
1.572838746699595504e+03
1.574340555749524356e+03
1.576160961190491207e+03
1.578294366471391413e+03
1.580734971530172061e+03
1.583476671038355789e+03
1.586513664933889004e+03
1.589839949643769387e+03
1.593450030372367337e+03
1.597337496524781500e+03
1.601496853305382729e+03
1.605922097141168024e+03
1.610607224459134841e+03
1.615546638708179216e+03
1.620734234559823790e+03
1.626164110196540605e+03
1.631830567311750883e+03
1.637727602332451852e+03
1.643849313441115783e+03
1.650189900575688853e+03
1.656743360163168973e+03
1.663503993896976908e+03
1.670465798204110342e+03
1.677622871267041091e+03
1.684969413023716015e+03
1.692499623412081291e+03
1.700207193592710837e+03
1.708086730525449411e+03
1.716132128881820108e+03
1.724337690355243922e+03
1.732697309617243718e+03
1.741205288361240719e+03
1.749855521258757562e+03
1.758642106492266294e+03
1.767559752777086715e+03
1.776601744251893706e+03
1.785762789632007070e+03
1.795036376567051093e+03
1.804416806750447222e+03
1.813897567831819288e+03
1.823472757993639334e+03
1.833136271907430455e+03
1.842882004244715290e+03
1.852703849677016251e+03
1.862595295853958078e+03
1.872550847979910941e+03
1.882564197215448530e+03
1.892629034721144080e+03
1.902739255168520685e+03
1.912888956740050162e+03
1.923071830596305972e+03
1.933281974919760160e+03
1.943513080870986187e+03
1.953759043121506920e+03
1.964013959853794177e+03
1.974271522228421873e+03
1.984525624916912193e+03
1.994770162590788232e+03
2.004999233432521805e+03
2.015206325091737426e+03
2.025385332239957734e+03
2.035530556570603721e+03
2.045635689244249306e+03
2.055694624932416900e+03
2.065701258306629370e+03
2.075649280527460178e+03
2.085532993288330999e+03
2.095345884238865438e+03
2.105081848050586359e+03
2.114734982905966262e+03
2.124299183476527560e+03
2.133768140922843486e+03
2.143135749916437362e+03
2.152396312150729955e+03
2.161543111764396599e+03
2.170570246939908884e+03
2.179471815859739309e+03
2.188241509684460652e+03
2.196873426596545869e+03
2.205361054245618561e+03
2.213698694325100405e+03
2.221879834484615003e+03
2.229898979928533663e+03
2.237749211284581634e+03
2.245425033757129313e+03
2.252919934995801214e+03
2.260229030737815719e+03
2.267350692895578050e+03
2.274284310936241582e+03
2.281029070816008698e+03
2.287584565512981499e+03
2.293950388005260265e+03
2.300125520738100022e+03
2.306109556689601959e+03
2.311901885326918091e+03
2.317501896117200886e+03
2.322908978527602812e+03
2.328122318514326253e+03
2.333141712566422939e+03
2.337966346640094798e+03
2.342595610202495209e+03
2.347028689209826098e+03
2.351265380151139198e+03
2.355304665471687713e+03
2.359146341660522467e+03
2.362789391162897573e+03
2.366233610467863400e+03
2.369478185531623240e+03
2.372522302310379928e+03
2.375365757293184288e+03
2.378007532925290434e+03
2.380447425695748734e+03
2.382684825071711657e+03
2.384718509987483685e+03
2.386548683954013995e+03
2.388173922394657893e+03
2.389594428820364556e+03
2.390808982165438920e+03
2.391817378918931354e+03
2.392618805037044694e+03
2.393212446475982688e+03
2.393598099724795702e+03
2.393774950739686574e+03
2.393742388987808226e+03
2.393499803936312219e+03
2.393046788563300197e+03
2.392382528824975452e+03
2.391506414188489998e+03
2.390417834120996304e+03
2.389116178089646382e+03
2.387601039072542335e+03
2.385871603025886543e+03
2.383927259416831930e+03
2.381767397712530055e+03
2.379391407380133842e+03
2.376798881397744026e+03
2.373989819765361517e+03
2.370967478658173604e+03
2.367736131806114372e+03
2.364299442406270373e+03
2.360661887699525323e+03
2.356827334393913588e+03
2.352799649197471808e+03
2.348583309351083244e+03
2.344182181562783171e+03
2.339600336051556042e+03
2.334841843036387672e+03
2.329910569225312884e+03
2.324810991859215392e+03
2.319546774135181295e+03
2.314122393294093854e+03
2.308541512533040077e+03
2.302808405581953139e+03
2.296927142659818401e+03
2.290901386963721961e+03
2.284735819245496714e+03
2.278434306213177479e+03
2.272000714574800895e+03
2.265439318060300593e+03
2.258753983377711847e+03
2.251948984256969197e+03
2.245028187406107918e+03
2.237995866555062548e+03
2.230855888411867909e+03
2.223612323195509362e+03
2.216269444635920991e+03
2.208831119441138071e+03
2.201301417830145965e+03
2.193684410021929125e+03
2.185984369746421635e+03
2.178205163711658770e+03
2.170350862136626347e+03
2.162425535240308363e+03
2.154433456752638904e+03
2.146378086359755343e+03
2.138264308324439753e+03
2.130095582332828599e+03
2.121876385625805597e+03
2.113610177889507668e+03
2.105301843386716882e+03
2.096954638292620984e+03
2.088573243359051958e+03
2.080161321783097264e+03
2.071723147294690079e+03
2.063262790112815765e+03
2.054784320456458772e+03
2.046291605033655060e+03
2.037788714063389307e+03
2.029279310742747612e+03
2.020767872312613690e+03
2.012257654948175059e+03
2.003752932379366030e+03
1.995257571314222105e+03
1.986775438460778787e+03
1.978310400527071806e+03
1.969866120710187488e+03
1.961447076251009094e+03
1.953056726835673999e+03
1.944699142683166656e+03
1.936377986990573390e+03
1.928097736998777918e+03
1.919861648882967984e+03
1.911673996373077443e+03
1.903538442666192623e+03
1.895459057981298656e+03
1.887439912537380224e+03
1.879484466020574473e+03
1.871597195671764439e+03
1.863781357666138547e+03
1.856041429244579604e+03
1.848380870093224985e+03
1.840803750431059370e+03
1.833314140477067667e+03
1.825915703428336428e+03
1.818612509503850106e+03
1.811408425411644430e+03
1.804307317859755130e+03
1.797313053556217710e+03
1.790429499209067671e+03
1.783660725037289922e+03
1.777010394237971013e+03
1.770482780541044576e+03
1.764081343632648213e+03
1.757810357242715554e+03
1.751673484568333151e+03
1.745674999339435317e+03
1.739818157731209340e+03
1.734107436984539163e+03
1.728546296785561481e+03
1.723139214375159781e+03
1.717889445928521809e+03
1.712801468686531052e+03
1.707878742335324432e+03
1.703125337093887083e+03
1.698545323181203457e+03
1.694142363794360108e+03
1.689919613353070190e+03
1.685877885901130639e+03
1.682016570905693925e+03
1.678335159589386876e+03
1.674833957218633486e+03
1.671512353260585542e+03
1.668369940693345143e+03
1.665406719516911835e+03
1.662622384464862080e+03
1.660016426759822707e+03
1.657588744646318901e+03
1.655339032857926895e+03
1.653266986128222925e+03
1.651372095679833819e+03
1.649654565023708756e+03
1.648113681871525614e+03
1.646749446223283940e+03
1.645561451057085833e+03
1.644549391106507073e+03
1.643713164616073072e+03
1.643052262808410660e+03
1.642566380417096298e+03
1.642255415686654942e+03
1.642119063350663055e+03
1.642157018142696643e+03
1.642368873040857352e+03
1.642754526289670139e+03
1.643313570867237104e+03
1.644045803262608615e+03
1.644950918209360907e+03
1.646028508685595398e+03
1.647278676446786903e+03
1.648700709204613077e+03
1.650294505203599101e+03
1.652059657421846623e+03
1.653996064103881054e+03
1.656103419983278627e+03
1.658381521549089712e+03
1.660829758268467003e+03
1.663448130141410047e+03
1.666236331901495532e+03
1.669194058282299238e+03
1.672320902261922811e+03
1.675616762084891434e+03
1.679081128973832392e+03
1.682714002928745231e+03
1.686515078683206411e+03
1.690483745704367948e+03
1.694620003992230295e+03
1.698923548280369005e+03
1.703393564524987596e+03
1.708026491284473877e+03
1.712819174139115148e+03
1.717767339358976869e+03
1.722867527257922120e+03
1.728115667616966221e+03
1.733508504260920972e+03
1.739041763459852518e+03
1.744711782016674533e+03
1.750514896734300464e+03
1.756447240904694809e+03
1.762505354841720646e+03
1.768685168326393068e+03
1.774982814650676346e+03
1.781394834128433331e+03
1.787917360051628521e+03
1.794546525712226412e+03
1.801278871424089857e+03
1.808110123457284772e+03
1.815036822125674007e+03
1.822055304232171238e+03
1.829161499557791558e+03
1.836351948416398045e+03
1.843622784099954970e+03
1.850970139900426602e+03
1.858390352620726844e+03
1.865879555552819966e+03
1.873434085499619869e+03
1.881050075753090596e+03
1.888723863116145822e+03
1.896451580880750271e+03
1.904229769360766568e+03
1.912054154826260856e+03
1.919921277591095759e+03
1.927827474458184952e+03
1.935768675208543982e+03
1.943741216645086070e+03
1.951741435570725116e+03
1.959765668788374569e+03
1.967809846079049748e+03
1.975870507756613506e+03
1.983943583602080935e+03
1.992025410418365936e+03
2.000112528519331136e+03
2.008200867685991625e+03
2.016286561210312129e+03
2.024365945895206096e+03
2.032435562054536604e+03
2.040491135958369341e+03
2.048529207920567387e+03
2.056546114744044189e+03
2.064538193231713194e+03
2.072502390719336745e+03
2.080435044009827379e+03
2.088333100438946985e+03
2.096193100320558642e+03
2.104011583968524519e+03
2.111785498718606959e+03
2.119510977862769778e+03
2.127184968736774408e+03
2.134804418676382284e+03
2.142365460973557674e+03
2.149864839453112836e+03
2.157299704961758380e+03
2.164666190791459030e+03
2.171961040767026134e+03
2.179180795202323679e+03
2.186322401433111736e+03
2.193382399773254292e+03
2.200357330536613972e+03
2.207244141058951755e+03
2.214039168143181541e+03
2.220738952103166412e+03
2.227340440274667344e+03
2.233840172971547872e+03
2.240234894018619343e+03
2.246521143729744836e+03
2.252695462418787884e+03
2.258754797421509011e+03
2.264695485540822119e+03
2.270514474112489097e+03
2.276208099939422937e+03
2.281773310357385526e+03
2.287206442169290312e+03
2.292504442710898275e+03
2.297663852296072946e+03
2.302681211238676951e+03
2.307553466874471724e+03
2.312276752495421533e+03
2.316848218948236990e+03
2.321264203035831542e+03
2.325521652093967077e+03
2.329616902925557042e+03
2.333546902866362871e+03
2.337307988719298010e+03
2.340896904309174715e+03
2.344310596971754421e+03
2.347545199999001397e+03
2.350597864237626254e+03
2.353464926490542894e+03
2.356143741115411103e+03
2.358633494068433265e+03
2.360934999393407452e+03
2.363047850068434400e+03
2.364972453115412918e+03
2.366708808534342552e+03
2.368256712814274579e+03
2.369617183509955339e+03
2.370789406577587215e+03
2.371773992550018193e+03
2.372570941427248727e+03
2.373180456720227539e+03
2.373602538428954631e+03
2.373837593575328810e+03
2.373885418648400446e+03
2.373746420670068346e+03
2.373420396129383334e+03
2.372907752048243765e+03
2.372208284915700006e+03
2.371322401753650865e+03
2.370250509583995154e+03
2.368992201384834061e+03
2.367547680667116765e+03
2.365917354452741620e+03
2.364101019230759903e+03
2.362099082023069514e+03
2.359911746340620539e+03
2.357538605161513260e+03
2.354980472529545750e+03
2.352236941422818745e+03
2.349308418863231054e+03
2.346194904850783132e+03
2.342896399385474069e+03
2.339413513000152307e+03
2.335745838672919035e+03
2.331893783425673064e+03
2.327857347258413938e+03
2.323636937193040012e+03
2.319232146207653841e+03
2.314643788346051224e+03
2.309871253075385084e+03
2.304915354439452130e+03
2.299775685416354008e+03
2.294452449517039440e+03
2.288946257274357322e+03
2.283256701666407935e+03
2.277383986204141365e+03
2.271328721420405145e+03
2.265090093271401656e+03
2.258669322822827326e+03
2.252066206563732521e+03
2.245283797158355355e+03
2.238325350781884481e+03
2.231194123609507642e+03
2.223892964794513773e+03
2.216425537533989427e+03
2.208794894492173171e+03
2.201004088333304026e+03
2.193056578743518457e+03
2.184955418387055488e+03
2.176704066950052493e+03
2.168305373585798407e+03
2.159763001491379327e+03
2.151079799820085555e+03
2.142259024747104377e+03
2.133304339469521892e+03
2.124218389629678768e+03
2.115004431402762293e+03
2.105666127985859475e+03
2.096206328532259249e+03
2.086628289217149813e+03
2.076935673237616811e+03
2.067130922725052187e+03
2.057217904387490762e+03
2.047199467378222153e+03
2.037079071383383507e+03
2.026859565556264215e+03
2.016544816604899779e+03
2.006137470171630412e+03
1.995640782431644084e+03
1.985058416582026894e+03
1.974393018265119053e+03
1.963648250678007116e+03
1.952827166484929421e+03
1.941933021861073939e+03
1.930969072981628642e+03
1.919938372510832096e+03
1.908844176623872045e+03
1.897689945006885864e+03
1.886478526813162716e+03
1.875213381728839522e+03
1.863897765929104708e+03
1.852534732078196612e+03
1.841127536351302751e+03
1.829679434923611552e+03
1.818193887481259935e+03
1.806673539666587885e+03
1.795122258187631132e+03
1.783542688686729889e+03
1.771938494360970253e+03
1.760312727874591019e+03
1.748668238380881576e+03
1.737008078544080490e+03
1.725335504539375734e+03
1.713653162009107518e+03
1.701964205372988772e+03
1.690271585539783473e+03
1.678578456929205458e+03
1.666887566939068847e+03
1.655202069989087249e+03
1.643524713477075238e+03
1.631858957089170190e+03
1.620207242956762684e+03
1.608572929010515281e+03
1.596958966159191959e+03
1.585368305311556924e+03
1.573803795620899564e+03
1.562268693262407623e+03
1.550765745633895676e+03
1.539298005399602744e+03
1.527868626979241526e+03
1.516480357770627506e+03
1.505136352193473385e+03
1.493839561156543368e+03
1.482592935568601206e+03
1.471399629849360736e+03
1.460262391396636076e+03
1.449184272874666249e+03
1.438168428703164182e+03
1.427217708035419719e+03
1.416335061780196384e+03
1.405523746112682375e+03
1.394786406675217449e+03
1.384126197887515445e+03
1.373546070658339886e+03
1.363049077651929565e+03
1.352638271532523049e+03
1.342316399697935140e+03
1.332086718323353807e+03
1.321951974806593626e+03
1.311915323567367977e+03
1.301979817269915429e+03
1.292148305067525371e+03
1.282423737868961780e+03
1.272809270093937812e+03
1.263307750895743084e+03
1.253922232938616162e+03
1.244655870642270202e+03
1.235511309649045415e+03
1.226491806134129547e+03
1.217599802228913632e+03
1.208836111977194378e+03
1.200201142400870822e+03
1.191695198766366275e+03
1.183318688095579319e+03
1.175071915654934173e+03
1.166955390221803555e+03
1.158969213551662278e+03
1.151113996177357876e+03
1.143389941609839980e+03
1.135797558626481077e+03
1.128337050738231028e+03
1.121008824966987959e+03
1.113813390090125267e+03
1.106750847863117315e+03
1.099821808818811633e+03
1.093026476468158080e+03
1.086365257833054557e+03
1.079838458179925055e+03
1.073446688041617563e+03
1.067189947418132078e+03
1.061068846842315907e+03
1.055083589825118679e+03
1.049234685143913339e+03
1.043522438065123652e+03
1.037947153855173610e+03
1.032509341291436385e+03
1.027209102129386565e+03
1.022047148657346497e+03
1.017023480875316068e+03
1.012138811071617624e+03
1.007393241001725983e+03
1.002787177687539383e+03
9.983210281509565220e+02
9.939951994138757527e+02
9.898099967427209549e+02
9.857657254039160080e+02
9.818628941748340822e+02
9.781017065664242409e+02
9.744826713560597682e+02
9.710059920546898411e+02
9.676721774396875162e+02
9.644815327774767866e+02
9.614343633344813043e+02
9.585310761325997646e+02
9.557721799492052241e+02
9.531576747842975692e+02
9.506882729261992608e+02
9.483641778858594762e+02
9.461858984406513855e+02
9.441531293241509957e+02
9.422644459597137256e+02
9.405178132378471219e+02
9.389112978045335467e+02
9.374428645502803192e+02
9.361104783655950996e+02
9.349123076519348388e+02
9.338461137888577923e+02
9.329100651778206839e+02
9.321020249538566986e+02
9.314201615184225602e+02
9.308623380065511128e+02
9.304267228196993074e+02
9.301111790929001018e+02
9.299137734721357447e+02
9.298324708479136689e+02
9.298652361107416482e+02
9.300102376620762925e+02
9.302653386369506734e+02
9.306286056813470395e+02
9.310980036857729374e+02
9.316715992962106156e+02
9.323472556476929185e+02
9.331231411416767969e+02
9.339971189131950950e+02
9.349673573637046502e+02
9.360317196282386476e+02
9.371882723527789949e+02
9.384349804278333522e+02
9.397700122548586705e+02
9.411910274579386169e+02
9.426963979494792056e+02
9.442838851090388061e+02
9.459516573380741420e+02
9.476975777716183984e+02
9.495197130556535967e+02
9.514160280806873971e+02
9.533846912481766367e+02
9.554234639376795712e+02
9.575306163061277402e+02
9.597038079776049244e+02
9.619413091090423222e+02
9.642411863464224098e+02
9.666012010693033289e+02
9.690194199236673285e+02
9.714940113109713593e+02
9.740227366107736771e+02
9.766038659800055939e+02
9.792352625537002950e+02
9.819148912223653269e+02
9.846407168765081224e+02
9.874106026511617529e+02
9.902223099258845878e+02
9.930734983247602941e+02
9.959621327382964182e+02
9.988857710351021524e+02
1.001842378105685043e+03
1.004829511818654169e+03
1.007844933553567785e+03
1.010886608200933665e+03
1.013952093629360888e+03
1.017039151218407596e+03
1.020145745858581563e+03
1.023269435418491867e+03
1.026408083033171351e+03
1.029559450082178500e+03
1.032721196189597094e+03
1.035891184490459864e+03
1.039067176364325178e+03
1.042246933190751406e+03
1.045428012838347968e+03
1.048608481953096543e+03
1.051785898403606780e+03
1.054958125324911180e+03
1.058122924096568113e+03
1.061277954342661815e+03
1.064420977442749972e+03
1.067549958287340587e+03
1.070662454745042396e+03
1.073756228195414224e+03
1.076829141773488800e+03
1.079878956858824267e+03
1.082903333075504634e+03
1.085900133558562629e+03
1.088867017932082263e+03
1.091801747575621675e+03
1.094702185624213826e+03
1.097566195212891671e+03
1.100391232454789815e+03
1.103175160484941216e+03
1.105915944193853193e+03
1.108611141450135165e+03
1.111258513633345501e+03
1.113855822123042117e+03
1.116400930054258424e+03
1.118891497051077749e+03
1.121325386248533505e+03
1.123700257270709017e+03
1.126013973252637470e+03
1.128264193818402646e+03
1.130448985613986451e+03
1.132567738106541356e+03
1.134619739007745011e+03
1.136604683051173652e+03
1.138522061459453880e+03
1.140371467210687570e+03
1.142152391527501322e+03
1.143864223877047607e+03
1.145506760748377019e+03
1.147079391608642027e+03
1.148581709435943822e+03
1.150013103697435099e+03
1.151373269126691866e+03
1.152661696946340726e+03
1.153877980134483551e+03
1.155021508158272354e+03
1.156091873995809010e+03
1.157088670625194709e+03
1.158011389269056281e+03
1.158859521150021010e+03
1.159632761001664676e+03
1.160330498291139747e+03
1.160952224241073054e+03
1.161497531829566014e+03
1.161966014034720274e+03
1.162357162079162890e+03
1.162670670696469642e+03
1.162905725842843594e+03
1.163062124007336024e+03
1.163139254657098490e+03
1.163136710770233094e+03
1.163054085324840798e+03
1.162890971299023704e+03
1.162646656404459009e+03
1.162320937130197763e+03
1.161913101187917391e+03
1.161422945066668944e+03
1.160849756478129848e+03
1.160193230155876108e+03
1.159452857322535010e+03
1.158628129200733156e+03
1.157718740524046780e+03
1.156723877248678946e+03
1.155643539374629654e+03
1.154476912858101741e+03
1.153223590677197080e+03
1.151883267565491451e+03
1.150455332990137322e+03
1.148939379929236111e+03
1.147334797849940287e+03
1.145641688507724211e+03
1.143860865946385047e+03
1.141993652987092901e+03
1.140041270695542835e+03
1.138005347159329403e+03
1.135886696422249088e+03
1.133687048327370576e+03
1.131407420429439981e+03
1.129049237305102224e+03
1.126613821775527413e+03
1.124102293150936021e+03
1.121516177763447558e+03
1.118856594923282955e+03
1.116124969207086679e+03
1.113322521680554246e+03
1.110450676920330579e+03
1.107510554236636381e+03
1.104503476450641529e+03
1.101430969894465534e+03
1.098294052122854509e+03
1.095094147712453378e+03
1.091832477728957201e+03
1.088510568504485491e+03
1.085129335838309999e+03
1.081690407818024369e+03
1.078195005509324119e+03
1.074644349977904767e+03
1.071039764044936419e+03
1.067382672287063770e+03
1.063674194014507748e+03
1.059915652048438005e+03
1.056108470965499691e+03
1.052253770075913280e+03
1.048353075711798283e+03
1.044407405427901040e+03
1.040418285556340606e+03
1.036387038918287089e+03
1.032314784823961418e+03
1.028202846094533697e+03
1.024052647306648396e+03
1.019865409526001258e+03
1.015642353818287461e+03
1.011385006515626515e+03
1.007094486928239235e+03
1.002772117877295500e+03
9.984191204284909418e+02
9.940370209139448434e+02
9.896268368884034317e+02
9.851900946839859898e+02
9.807280153663879219e+02
9.762419217567793339e+02
9.717333401872795093e+02
9.672036952345332566e+02
9.626547167416090360e+02
9.580878292851514288e+02
9.535044574418053571e+02
9.489064328101138699e+02
9.442950782112470733e+02
9.396719199773242508e+02
9.350385861959392741e+02
9.303966031992115404e+02
9.257474973192604466e+02
9.210927948882051624e+02
9.164340222381649710e+02
9.117727057012593832e+02
9.071104733650821572e+02
9.024487498062779878e+02
8.977891631124408605e+02
8.931331378602154700e+02
8.884824038926703906e+02
8.838382840309757285e+02
8.792025081181998303e+02
8.745762972200383274e+02
8.699616864459836734e+02
8.653596933507819813e+02
8.607722512884510024e+02
8.562007848356355453e+02
8.516466676912430103e+02
8.471115788206044499e+02
8.425970445558393749e+02
8.381046421068042491e+02
8.336358469278812890e+02
8.291922362289268449e+02
8.247752345865858388e+02
8.203865718439267312e+02
8.160276216998568088e+02
8.117000631197074654e+02
8.074052698023861012e+02
8.031449715909611768e+02
7.989204404288653905e+02
7.947335587923793128e+02
7.905855477471984614e+02
7.864781880141285910e+02
7.824128024143399216e+02
7.783910190354262113e+02
7.744144659649814457e+02
7.704845677796503196e+02
7.666029016892894106e+02
7.627710449037555236e+02
7.589904728774304203e+02
7.552625084314843207e+02
7.515877620987649834e+02
7.479664882679588800e+02
7.443991448387017726e+02
7.408859353219429522e+02
7.374272158618435924e+02
7.340233426025648669e+02
7.306747734437425379e+02
7.273817118963258963e+02
7.241444123490014135e+02
7.209633835791422598e+02
7.178388799754350202e+02
7.147713085597781628e+02
7.117609237208581590e+02
7.088080816028362960e+02
7.059131383498736341e+02
7.030763483506568718e+02
7.002982203825588385e+02
6.975789070787917581e+02
6.949188154612539847e+02
6.923183525518441002e+02
6.897777218615111678e+02
6.872973812898910637e+02
6.848775852256703729e+02
6.825187406907475633e+02
6.802211020738092202e+02
6.779850763967538114e+02
6.758109180482678084e+02
6.736990849279870872e+02
6.716497805468608249e+02
6.696634628045248974e+02
6.677403352119284818e+02
6.658808556687074542e+02
6.640852785635482860e+02
6.623540109183494451e+02
6.606873579995348109e+02
6.590856250735283766e+02
6.575491682844910883e+02
6.560782928988469394e+02
6.546734059384945112e+02
6.533348126698574561e+02
6.520628183593597669e+02
6.508578300288999117e+02
6.497200511894270676e+02
6.486499906183144049e+02
6.476478518265111006e+02
6.467140418359157366e+02
6.458488659129521920e+02
6.450526293240441191e+02
6.443257899688275074e+02
6.436682969695650627e+02
6.430795906711462067e+02
6.425585517633502377e+02
6.421043153246429256e+02
6.417158638002778162e+02
6.413923322687209065e+02
6.411327031752258563e+02
6.409360098427838466e+02
6.408012855943858312e+02
6.407276655084976937e+02
6.407141320303730936e+02
6.407597184830032120e+02
6.408634581893791164e+02
6.410244353502292824e+02
6.412416832885447775e+02
6.415141844495793748e+02
6.418411247895361385e+02
6.422213849981941394e+02
6.426541510317565553e+02
6.431383544577397515e+02
6.436730794768722035e+02
6.442574102898823867e+02
6.448903293420239606e+02
6.455708699562879929e+02
6.462982180888777748e+02
6.470712544295721500e+02
6.478890631790998214e+02
6.487506776604517427e+02
6.496552329520935700e+02
6.506016606215418960e+02
6.515891466249997848e+02
6.526165207745090129e+02
6.536830199040099387e+02
6.547875755810190412e+02
6.559293228840020902e+02
6.571071933804755645e+02
6.583203221489051202e+02
6.595677425122818249e+02
6.608484877935969735e+02
6.621615404381041117e+02
6.635060355242692367e+02
6.648809554973458944e+02
6.662853845580625602e+02
6.677183560294104154e+02
6.691789032343805275e+02
6.706660594959639639e+02
6.721789090148892001e+02
6.737164342364098957e+02
6.752777193612546398e+02
6.768618485901517943e+02
6.784677026128804300e+02
6.800943147524317283e+02
6.817403113098982885e+02
6.834045729750592955e+02
6.850859804376938200e+02
6.867832617543693914e+02
6.884952467371275588e+02
6.902207651980102128e+02
6.919585960713221766e+02
6.937075182913677054e+02
6.954664125479259837e+02
6.972341086530391294e+02
6.990093346632741031e+02
7.007909712684103170e+02
7.025777465250147316e+02
7.043685411228667590e+02
7.061621339962708817e+02
7.079573549572688762e+02
7.097530338179026330e+02
7.115478986347394539e+02
7.133408809752958177e+02
7.151307088961389127e+02
7.169162122093106291e+02
7.186961189713782687e+02
7.204694116275954912e+02
7.222348182345295982e+02
7.239910668487477778e+02
7.257369872822920343e+02
7.274716128581533212e+02
7.291934681219497634e+02
7.309015355189350203e+02
7.325944922279390994e+02
7.342712698164784797e+02
7.359306472188576436e+02
7.375714542471185950e+02
7.391924189578284086e+02
7.407923711630290882e+02
7.423701915524997048e+02
7.439247099382821489e+02
7.454546034992063142e+02
7.469587529250513853e+02
7.484359371501220721e+02
7.498850877419346261e+02
7.513049327570563491e+02
7.526942002520545429e+02
7.540518726721829808e+02
7.553765763185342621e+02
7.566672427586248659e+02
7.579227018044966826e+02
7.591416815127170139e+02
7.603231643285394057e+02
7.614665905968537345e+02
7.625717568067105958e+02
7.636382559362115217e+02
7.646656300857207498e+02
7.656536248665516950e+02
7.666017823790685952e+02
7.675099499900595674e+02
7.683775680444140335e+02
7.692044839089202242e+02
7.699900870507303807e+02
7.707342248366325066e+02
7.714364393669908395e+02
7.720964762531189081e+02
7.727139793508554249e+02
7.732883890050899254e+02
7.738196543380853427e+02
7.743071648169936907e+02
7.747507678086032001e+02
7.751499036578034065e+02
7.755044197313824270e+02
7.758138072519670914e+02
7.760778118308708144e+02
7.762959755684578340e+02
7.764680440760416786e+02
7.765936612094610609e+02
7.766724708245549209e+02
7.767040658994246769e+02
7.766881411676465632e+02
7.766242896073219981e+02
7.765121550742898080e+02
7.763514831798635214e+02
7.761419177798819646e+02
7.758828992192345595e+02
7.755742748647096505e+02
7.752156376944085423e+02
7.748067333196446498e+02
7.743469512075704415e+02
7.738361896027112152e+02
7.732739397276938007e+02
7.726598963160944322e+02
7.719937541014891167e+02
7.712751060619794998e+02
7.705035451756670000e+02
7.696789188093398479e+02
7.688006673078874655e+02
7.678684854048859734e+02
7.668820169561743114e+02
7.658410075730660083e+02
7.647450502336622549e+02
7.635938905492768072e+02
7.623880372972827217e+02
7.611281518882648243e+02
7.598148448550711009e+02
7.584487776082863775e+02
7.570306115584959343e+02
7.555610589940218915e+02
7.540405269367628307e+02
7.524698294305156878e+02
7.508496787636028102e+02
7.491804819579226660e+02
7.474631039350095989e+02
7.456979517167619633e+02
7.438859411024515111e+02
7.420275299917140046e+02
7.401234306728716774e+02
7.381742536787724021e+02
7.361806095422637100e+02
7.341431596739308816e+02
7.320625654843587427e+02
7.299394883841323463e+02
7.277745389060995649e+02
7.255683275831080437e+02
7.233215667034801299e+02
7.210348668000634689e+02
7.187088384057058192e+02
7.163440920532550535e+02
7.139413909087706998e+02
7.115012946273631087e+02
7.090244137418801529e+02
7.065114605406441797e+02
7.039629946787654262e+02
7.013797793223036479e+02
6.987623232486320148e+02
6.961113387460728745e+02
6.934274363474738720e+02
6.907112774634199468e+02
6.879635235044963792e+02
6.851847341258134065e+02
6.823756724934307840e+02
6.795368473847214545e+02
6.766690219657452872e+02
6.737727558916125190e+02
6.708487105729083169e+02
6.678974965424804395e+02
6.649198260886510070e+02
6.619162588665305975e+02
6.588875071644415584e+02
6.558341815152316485e+02
6.527568924517483993e+02
6.496563522623143854e+02
6.465334767462011314e+02
6.433890799472054596e+02
6.402241794200738241e+02
6.370395892086029335e+02
6.338362759898018339e+02
6.306152064406794580e+02
6.273771437272953335e+02
6.241231562821330954e+02
6.208540581489896795e+02
6.175708160048739046e+02
6.142742947713202284e+02
6.109654102475999480e+02
6.076451799884596312e+02
6.043143671599585787e+02
6.009739384391059502e+02
5.976248605029105647e+02
5.942679982729066523e+02
5.909042675483658513e+02
5.875345841285596862e+02
5.841598638127597951e+02
5.807810224002378163e+02
5.773989756902652744e+02
5.740145886043763994e+02
5.706288786973175320e+02
5.672426600128854943e+02
5.638568992280892189e+02
5.604724612644630497e+02
5.570903127990159192e+02
5.537113187532819438e+02
5.503363949265328756e+02
5.469665079957775333e+02
5.436025228825501472e+02
5.402454062638596497e+02
5.368959721835030905e+02
5.335552381962265827e+02
5.302240183458270621e+02
5.269033301870508694e+02
5.235940386414322347e+02
5.202970086305053883e+02
5.170132577090165569e+02
5.137435999207626764e+02
5.104890019427526795e+02
5.072503286965209099e+02
5.040284959813388355e+02
5.008245213519526828e+02
4.976392188521595017e+02
4.944735042812308166e+02
4.913283443161755599e+02
4.882046038785279620e+02
4.851031478898223668e+02
4.820243324942198910e+02
4.789686664690936482e+02
4.759365059586048119e+02
4.729282071069145559e+02
4.699441260581840538e+02
4.669846698343117737e+02
4.640501945794589460e+02
4.611411073155240388e+02
4.582577641866681688e+02
4.554005213370525098e+02
4.525698366663129377e+02
4.497660154408732183e+02
4.469894646826319331e+02
4.442405405357501422e+02
4.415196500221264273e+02
4.388271492859219620e+02
4.361634453490351575e+02
4.335288943556271875e+02
4.309239033275966335e+02
4.283487775313672614e+02
4.258039494277062431e+02
4.232898260385120466e+02
4.208066871913399041e+02
4.183550162246942250e+02
4.159351438438675928e+02
4.135474770707584753e+02
4.111923211717906383e+02
4.088701594854686618e+02
4.065812718393477212e+02
4.043260906941948747e+02
4.021049721941713528e+02
3.999183488000443276e+02
3.977665003393689744e+02
3.956499355895183498e+02
3.935688835003104487e+02
3.915238274102496234e+02
3.895151234634971047e+02
3.875431278042140661e+02
3.856082474542989758e+02
3.837108131190443032e+02
3.818512826980859245e+02
3.800299360189790150e+02
3.782472309813593938e+02
3.765035237293881778e+02
3.747991958460951878e+02
3.731345525979043600e+02
3.715100773233201039e+02
3.699261261665035931e+02
3.683830552716160014e+02
3.668810935884752098e+02
3.654200630450006884e+02
3.639996329358998537e+02
3.626194216781428850e+02
3.612790985664373125e+02
3.599783074566219057e+02
3.587167176434041949e+02
3.574939984214915967e+02
3.563097936467230511e+02
3.551637471749372708e+02
3.540555283008417859e+02
3.529848063191441270e+02
3.519512250856830065e+02
3.509544284562973644e+02
3.499941111645632645e+02
3.490698916274508861e+02
3.481814391396677593e+02
3.473283975570527105e+02
3.465104616131818034e+02
3.457272497250252741e+02
3.449784311872905391e+02
3.442636752946851857e+02
3.435826259030479832e+02
3.429349268682177012e+02
3.423202474849019268e+02
3.417382824866767237e+02
3.411886248516436808e+02
3.406709438745102148e+02
3.401849342888524461e+02
3.397301890727719638e+02
3.393064538375821826e+02
3.389133215613845778e+02
3.385504615388866796e+02
3.382175430647960184e+02
3.379141845560826596e+02
3.376400807463227807e+02
3.373949009302238551e+02
3.371782380858874717e+02
3.369898378246269885e+02
3.368292676856753474e+02
3.366962478414772590e+02
3.365903967090029596e+02
3.365113835829598656e+02
3.364589031969241546e+02
3.364325485289973585e+02
3.364320143127555980e+02
3.364569444040376993e+02
3.365069826586824888e+02
3.365818238102661439e+02
3.366810862757587302e+02
3.368044139109991875e+02
3.369511961831397571e+02
3.371208479982013273e+02
3.373127333844675491e+02
3.375262418090907204e+02
3.377607881780917296e+02
3.380156856420169333e+02
3.382903745457558671e+02
3.385842189175921817e+02
3.388966082246781184e+02
3.392269064952973281e+02
3.395745031966021088e+02
3.399387623568759977e+02
3.403191243210087009e+02
3.407149276784150516e+02
3.411255618962474045e+02
3.415503910027894108e+02
3.419888299040619017e+02
3.424402680672172323e+02
3.429040440816702926e+02
3.433795474145734374e+02
3.438662184108162023e+02
3.443633956598135910e+02
3.448704177509805504e+02
3.453867504680753200e+02
3.459117324005128467e+02
3.464447530154453716e+02
3.469852272188939537e+02
3.475324681614047790e+02
3.480858907489987928e+02
3.486449098876969970e+02
3.492088896057829857e+02
3.497771684926716489e+02
3.503491868932526359e+02
3.509242833969409503e+02
3.515018729097574237e+02
3.520813448988544110e+02
3.526620379536468590e+02
3.532433924190243033e+02
3.538247468844017476e+02
3.544054908169314899e+02
3.549849882448971243e+02
3.555626795131882432e+02
3.561378777723511462e+02
3.567100488061440728e+02
3.572784803262446758e+02
3.578426381164112513e+02
3.584018607660586895e+02
3.589555123034706412e+02
3.595030330735366420e+02
3.600438125434090466e+02
3.605774945689266815e+02
3.611037230059283161e+02
3.616222689045960692e+02
3.621327252430314729e+02
3.626348630714165893e+02
3.631282499289843599e+02
3.636126568659168470e+02
3.640877531769214670e+02
3.645531572789685129e+02
3.650085893445026954e+02
3.654538204237061336e+02
3.658883671780744180e+02
3.663120515355269049e+02
3.667244664741651263e+02
3.671253067275652029e+02
3.675143179070406632e+02
3.678911438684302766e+02
3.682554030287041655e+02
3.686068664380445057e+02
3.689452033911587705e+02
3.692700068661484920e+02
3.695810733520643794e+02
3.698780467047452589e+02
3.701605707800300138e+02
3.704283911892320020e+02
3.706811263493215165e+02
3.709184709938746209e+02
3.711401452953360831e+02
3.713457676706761390e+02
3.715351091700768507e+02
3.717077627716397501e+02
3.718634486478096051e+02
3.720018360932939459e+02
3.721226707194061873e+02
3.722255200653791576e+02
3.723102060591323834e+02
3.723762708010299320e+02
3.724234599023853320e+02
3.724514426579060569e+02
3.724599392400369311e+02
3.724485680657480202e+02
3.724171001852215568e+02
3.723650776988216649e+02
3.722923225344677576e+02
3.721984531091300141e+02
3.720831641563846119e+02
3.719460995320703773e+02
3.717870302863693723e+02
3.716054985196457778e+02
3.714014279152937092e+02
3.711747675955758154e+02
3.709257719491786247e+02
3.706545936093141336e+02
3.703614615258001663e+02
3.700464520152427212e+02
3.697097940274597363e+02
3.693516656345316846e+02
3.689722703474079140e+02
3.685717099215630128e+02
3.681501878679462152e+02
3.677079076975068119e+02
3.672449711657193347e+02
3.667616326612703688e+02
3.662580702562405577e+02
3.657344111449730804e+02
3.651908079606799333e+02
3.646274642143103506e+02
3.640445834168135661e+02
3.634423690791388708e+02
3.628208720790235020e+02
3.621803468051539880e+02
3.615209967684796766e+02
3.608429491633437465e+02
3.601463566229581943e+02
3.594314480971409012e+02
3.586984016579724539e+02
3.579473444997960883e+02
3.571784546946924479e+02
3.563919357536107100e+02
3.555879657486315182e+02
3.547666718740981651e+02
3.539283085186971221e+02
3.530729774379030346e+02
3.522008567037965463e+02
3.513121752661955384e+02
3.504070857583118936e+02
3.494857153744889615e+02
3.485482930645445094e+02
3.475949714616905908e+02
3.466259286380077924e+02
3.456413426655766443e+02
3.446413916164777334e+02
3.436262281239229992e+02
3.425960556988616759e+02
3.415510269745057599e+02
3.404913200229357813e+02
3.394171383551009740e+02
3.383286091653446306e+02
3.372259359646159851e+02
3.361093222638643283e+02
3.349791242072507202e+02
3.338357488166737426e+02
3.326796031140318632e+02
3.315110432434862560e+02
3.303305271046726830e+02
3.291384108417523180e+02
3.279351014766236858e+02
3.267210060311852544e+02
3.254965315273354918e+02
3.242620341092355716e+02
3.230179207987839618e+02
3.217646240567478344e+02
3.205025254661570102e+02
3.192320320489099572e+02
3.179534999491679059e+02
3.166673616276979146e+02
3.153740241063984513e+02
3.140738689682994504e+02
3.127673032352993232e+02
3.114547084904278904e+02
3.101365171944523809e+02
3.088130600526651506e+02
3.074847949647021323e+02
3.061521035135931470e+02
3.048153672823679017e+02
3.034750187317936820e+02
3.021314140060315481e+02
3.007849855658487286e+02
2.994361149942749876e+02
2.980852093132088498e+02
2.967326501056800794e+02
2.953788443935872579e+02
2.940241991988287964e+02
2.926691215433031630e+02
2.913139675711715881e+02
2.899591443043325398e+02
2.886050842035531332e+02
2.872521688518632459e+02
2.859007798322926419e+02
2.845513241667398461e+02
2.832042088771032695e+02
2.818598155464128467e+02
2.805185766354356929e+02
2.791808228494642776e+02
2.778470375270030672e+02
2.765175768122132922e+02
2.751928222881246597e+02
2.738731809766357514e+02
2.725590344607763882e+02
2.712508152013136851e+02
2.699487267091968761e+02
2.686529979342438423e+02
2.673638578262725218e+02
2.660815607739694997e+02
2.648062594105466019e+02
2.635382590024277647e+02
2.622777630605622221e+02
2.610249750958992081e+02
2.597801240582566038e+02
2.585434643363209943e+02
2.573151994410416137e+02
2.560955583222363430e+02
2.548847444908543878e+02
2.536830377744510372e+02
2.524906416839754968e+02
2.513077597303769721e+02
2.501346208634734296e+02
2.489714540330826935e+02
2.478185136278913774e+02
2.466760285977173339e+02
2.455441770146411784e+02
2.444232132673494391e+02
2.433133408667913784e+02
2.422148396405222002e+02
2.411278876606224912e+02
2.400526884380414572e+02
2.389895472392030342e+02
2.379386166973190768e+02
2.369001766399448456e+02
2.358744051391608991e+02
2.348615820225224695e+02
2.338618599232414397e+02
2.328755441077417174e+02
2.319027872092352425e+02
2.309438944941458374e+02
2.299990185956854418e+02
2.290684139025406409e+02
2.281523093645292874e+02
2.272509593703379664e+02
2.263645165531786176e+02
2.254932861794750636e+02
2.246374208824392440e+02
2.237972259284950383e+02
2.229728539508543861e+02
2.221645593382037873e+02
2.213725964792298839e+02
2.205971434460131775e+02
2.198384546272402531e+02
2.190967589727290203e+02
2.183722091156913905e+02
2.176647541783900692e+02
2.169742924053504112e+02
2.163007474799664749e+02
2.156439667690263207e+02
2.150038485170553315e+02
2.143803418463161847e+02
2.137732686847282935e+02
2.131825908739887154e+02
2.126081303420168069e+02
2.120498234916409501e+02
2.115075812868208800e+02
2.109812638137789520e+02
2.104707565976062540e+02
2.099759960411311113e+02
2.094968422305759361e+02
2.090331934104661400e+02
2.085849478253270490e+02
2.081520037196840462e+02
2.077342593380625715e+02
2.073316002055535989e+02
2.069438991278139213e+02
2.065710925076718354e+02
2.062130531507841340e+02
2.058696665822417913e+02
2.055408437660045706e+02
2.052264575077292079e+02
2.049264187713753529e+02
2.046406258014684170e+02
2.043689514036651360e+02
2.041112938224908646e+02
2.038675640219053093e+02
2.036376475269995296e+02
2.034214298628646134e+02
2.032188092740258583e+02
2.030296840050087326e+02
2.028539523003385625e+02
2.026914996851064075e+02
2.025422244038376505e+02
2.024060119816233225e+02
2.022827606629888351e+02
2.021723559730252475e+02
2.020746961562579145e+02
2.019897048960808661e+02
2.019172295592821627e+02
2.018572065486902147e+02
2.018094959505273494e+02
2.017740214481876819e+02
2.017506304084592159e+02
2.017392592341703335e+02
2.017397552921090949e+02
2.017518769130233238e+02
2.017753315499234077e+02
2.018098393752541995e+02
2.018551205614604669e+02
2.019108952809870061e+02
2.019768964257129653e+02
2.020528187292144366e+02
2.021383823639362163e+02
2.022333329411917759e+02
2.023373397556885891e+02
2.024501738576087746e+02
2.025715299805284246e+02
2.027011282968923922e+02
2.028386889791454166e+02
2.029839321997323509e+02
2.031365654116635824e+02
2.032963215068182876e+02
2.034629079382069108e+02
2.036360575977086000e+02
2.038154652188994476e+02
2.040008764130929251e+02
2.041919986332995052e+02
2.043885266130953084e+02
2.045902314026624538e+02
2.047967950161427382e+02
2.050079503454152814e+02
2.052234048434905844e+02
2.054428659633790630e+02
2.056660793163941605e+02
2.058927396361120827e+02
2.061225925338462162e+02
2.063553454626070334e+02
2.065906931559706834e+02
2.068284066641192567e+02
2.070681425623259599e+02
2.073096591813385032e+02
2.075526894130360063e+02
2.077968898326916758e+02
2.080420442099219258e+02
2.082878345588685534e+02
2.085339937714106497e+02
2.087802165811244208e+02
2.090262740381919002e+02
2.092718354373206466e+02
2.095166209509553710e+02
2.097603889098438970e+02
2.100028086086936980e+02
2.102436383782525411e+02
2.104825856715309271e+02
2.107193706609735955e+02
2.109538152744999877e+02
2.111857032817265463e+02
2.114148947688756266e+02
2.116411735055636996e+02
2.118643614197101783e+02
2.120842804392344476e+02
2.123007397726215970e+02
2.125135486283567445e+02
2.127225289343592749e+02
2.129275026185486013e+02
2.131282788894098417e+02
2.133246923942967044e+02
2.135165141833912799e+02
2.137036170623503608e+02
2.138857593619216289e+02
2.140628138877618767e+02
2.142345516900531948e+02
2.144007946967149678e+02
2.145613902745352846e+02
2.147160840348276167e+02
2.148647996609859661e+02
2.150072573254551287e+02
2.151433298338918405e+02
2.152727882364781919e+02
2.153954799000022433e+02
2.155112013135147890e+02
2.156197744049352139e+02
2.157210465410516065e+02
2.158147887720460290e+02
2.159008230258379513e+02
2.159789712303467581e+02
2.160490807523605099e+02
2.161109480809299725e+02
2.161643442662372649e+02
2.162091421139390661e+02
2.162451381130861989e+02
2.162721287527293725e+02
2.162899359607880001e+02
2.162984325429188459e+02
2.162973641104353248e+02
2.162865525912568785e+02
2.162658453521715387e+02
2.162350388822300715e+02
2.161939805482205657e+02
2.161424159614564644e+02
2.160802433664631224e+02
2.160072338134226868e+02
2.159231837913858953e+02
2.158279661060094270e+02
2.157213772463441046e+02
2.156034680901272225e+02
2.154742640762274277e+02
2.153338160823820147e+02
2.151821749863283344e+02
2.150193662269350057e+02
2.148454915596766455e+02
2.146605509845533106e+02
2.144646208181708857e+02
2.142577264993980748e+02
2.140399443448408476e+02
2.138112743544991758e+02
2.135717928449790577e+02
2.133215506940177875e+02
2.130605860599183359e+02
2.127889498204180256e+02
2.125067055726885030e+02
2.122138914750327103e+02
2.119105456857537035e+02
2.115967063631543965e+02
2.112724498238407875e+02
2.109378142261158757e+02
2.105928250088482514e+02
2.102375584886439697e+02
2.098720401043715924e+02
2.094963461726371747e+02
2.091104894128749834e+02
2.087145461416909882e+02
2.083085545173882167e+02
2.078925399788352593e+02
2.074665915620724661e+02
2.070307219865341324e+02
2.065849948493919044e+02
2.061294737478174284e+02
2.056641586818107044e+02
2.051891641262806729e+02
2.047044773617929820e+02
2.042101747049536584e+02
2.037062943140656159e+02
2.031928870668662057e+02
2.026699911216584269e+02
2.021376700756138689e+02
2.015959875259042064e+02
2.010449434725294111e+02
2.004846015126611576e+02
1.999150506823397109e+02
1.993362909815650710e+02
1.987483987269432362e+02
1.981513866379084732e+02
1.975453437505011323e+02
1.969303082230241841e+02
1.963064835664268344e+02
1.956740096944867560e+02
1.950331282764560967e+02
1.943840046649811484e+02
1.937268423710111733e+02
1.930617940277580828e+02
1.923891267433427572e+02
1.917089422732398134e+02
1.910215077255701317e+02
1.903269757335456234e+02
1.896255498081155793e+02
1.889174080213605862e+02
1.882027411647954978e+02
1.874817781882382519e+02
1.867546590054664364e+02
1.860215998468636371e+02
1.852827915039447646e+02
1.845384247682247292e+02
1.837886777117841177e+02
1.830337538455721926e+02
1.822738566805381595e+02
1.815091515693282815e+02
1.807398547423261448e+02
1.799661442716123076e+02
1.791882109487017374e+02
1.784062328456749640e+02
1.776204261929156019e+02
1.768309690625042094e+02
1.760380649653900491e+02
1.752418792542193557e+02
1.744426281593757153e+02
1.736404897529396862e+02
1.728356675458605594e+02
1.720283396102188931e+02
1.712186967375295978e+02
1.704069424387419076e+02
1.695932547859364377e+02
1.687778372900623935e+02
1.679608807426347141e+02
1.671425632157340146e+02
1.663230755008751487e+02
1.655026338284417022e+02
1.646813908316456434e+02
1.638595881797391485e+02
1.630373657864998336e+02
1.622149398823113131e+02
1.613925012586884407e+02
1.605702407071461550e+02
1.597483490191993667e+02
1.589270042669286909e+02
1.581063718029803340e+02
1.572865915411319406e+02
1.564678161145954221e+02
1.556501981565827180e+02
1.548338775808714161e+02
1.540189943012391609e+02
1.532057136703321589e+02
1.523941883213623782e+02
1.515845454486730830e+02
1.507769504049105365e+02
1.499715431038523263e+02
1.491684888981447159e+02
1.483679022626966741e+02
1.475699739890231115e+02
1.467748185520329400e+02
1.459825885849381280e+02
1.451934494403849385e+02
1.444075410321509310e+02
1.436249905545794547e+02
1.428459887991853350e+02
1.420706502408775975e+02
1.412991402323024488e+02
1.405315986872375333e+02
1.397681655194604105e+02
1.390090188010516954e+02
1.382542857263546523e+02
1.375041189285812493e+02
1.367586456020746937e+02
1.360180565383499811e+02
1.352824534928816433e+02
1.345520399766189996e+02
1.338269177450366385e+02
1.331072521507807949e+02
1.323931831076291132e+02
1.316848632487935049e+02
1.309824579269202331e+02
1.302860816169182669e+02
1.295959123908681363e+02
1.289120901625475142e+02
1.282347675651682550e+02
1.275640717930737082e+02
1.269001681989100945e+02
1.262432221353236912e+02
1.255933480772234248e+02
1.249507113772555584e+02
1.243154519491977084e+02
1.236877478651304614e+02
1.230677008805284345e+02
1.224554890674722003e+02
1.218512269008707136e+02
1.212549398195926500e+02
1.206666278236379810e+02
1.200862781935723973e+02
1.195138909293958989e+02
1.189494787505428093e+02
1.183930034987101294e+02
1.178444906127665490e+02
1.173039400927120397e+02
1.167713137802436165e+02
1.162466498336642928e+02
1.157299228141053788e+02
1.152211327215669030e+02
1.147202795560488369e+02
1.142273505981168711e+02
1.137423585672053434e+02
1.132652907438799019e+02
1.127961344087062372e+02
1.123349022811186586e+02
1.118815816416828568e+02
1.114361724903988176e+02
1.109986748272665551e+02
1.105690759328517316e+02
1.101473758071543614e+02
1.097335871696087537e+02
1.093276845813462472e+02
1.089296807618011940e+02
1.085395629915392561e+02
1.081573312705604337e+02
1.077829728794304032e+02
1.074164878181491503e+02
1.070578888061510128e+02
1.067071631240016671e+02
1.063643044119839374e+02
1.060293063103806617e+02
1.057021688191918543e+02
1.053828982981346769e+02
1.050714756680576158e+02
1.047679009289606995e+02
1.044721868002782372e+02
1.041843078431415819e+02
1.039042767769850428e+02
1.036320808823743249e+02
1.033677265190265757e+02
1.031112009675074574e+02
1.028625042278169843e+02
1.026216299402379803e+02
1.023885781047704597e+02
1.021633487214144083e+02
1.019459354304526784e+02
1.017363191527337705e+02
1.015343854133487298e+02
1.013400451762572629e+02
1.011531585276817822e+02
1.009736300718648181e+02
1.008013198950287688e+02
1.006361198819818554e+02
1.004779346369666087e+02
1.003266115267711029e+02
1.001820615153550449e+02
1.000441574083751703e+02
9.991279109063967212e+01
9.978782900808812428e+01
9.966917576496307163e+01
9.955669144748691224e+01
9.945028701961933848e+01
9.934981620786560086e+01
9.925518997618539174e+01
9.916626841080110921e+01
9.908296247567245985e+01
9.900513225702185593e+01
9.893266327994032849e+01
9.886544742923611295e+01
9.880337023000024033e+01
9.874629812817228469e+01
9.869414208771193842e+01
9.864676219484161379e+01
9.860405033436951783e+01
9.856589203138670996e+01
9.853217281098423541e+01
9.850275911910165405e+01
9.847756191969867245e+01
9.845643493928051271e+01
9.843928914180690981e+01
9.842599733293455699e+01
9.841643231832020433e+01
9.841048598277204462e+01
9.840805021109831330e+01
9.840900416867287959e+01
9.841322066115247935e+01
9.842059157334533381e+01
9.843100243034247399e+01
9.844433875723495930e+01
9.846046699996236384e+01
9.847929176276721819e+01
9.850068585130625820e+01
9.852454115038767668e+01
9.855073046566820949e+01
9.857913932223891607e+01
9.860965960490800342e+01
9.864216411933219320e+01
9.867655111003686841e+01
9.871271882154741206e+01
9.875055277895486938e+01
9.878995122678462337e+01
9.883080604984488104e+01
9.887300277322670183e+01
9.891644600117264474e+01
9.896102761849088836e+01
9.900664586970684411e+01
9.905317356047721944e+01
9.910052801447888271e+01
9.914858203736856979e+01
9.919725295282314903e+01
9.924640084706501852e+01
9.929594940348819421e+01
9.934578414718374972e+01
9.939578424352555430e+01
9.944587337590766651e+01
9.949590527083529423e+01
9.954580361170248182e+01
9.959544756388311271e+01
9.964474173161974591e+01
9.969355892056908885e+01
9.974181645440802413e+01
9.978939985822758274e+01
9.983619465711883834e+01
9.988209909560715971e+01
9.992700505850076809e+01
9.997080443060787047e+01
1.000134018161710117e+02
1.000546763805640893e+02
1.000945327280296340e+02
1.001328627433758811e+02
1.001695455919766857e+02
1.002044922377917828e+02
1.002375882059122034e+02
1.002687190214290069e+02
1.002977956483019142e+02
1.003247036116219562e+02
1.003493284364802065e+02
1.003715747271191816e+02
1.003913343683471169e+02
1.004084865255378816e+02
1.004229485223683724e+02
1.004345995242124587e+02
1.004433250561611999e+02
1.004490297224571265e+02
1.004516054079084597e+02
1.004509503570405968e+02
1.004469628143788924e+02
1.004396173410546993e+02
1.004288821384821944e+02
1.004147508469442300e+02
1.003971916678549690e+02
1.003762046012144253e+02
1.003517451290024525e+02
1.003238196109361979e+02
1.002923898887126768e+02
1.002574432428975939e+02
1.002189542346222595e+02
1.001769165041695260e+02
1.001312918932364084e+02
1.000820740421057451e+02
1.000292502313432124e+02
9.997278230264581111e+01
9.991267025601355556e+01
9.984887593314346077e+01
9.978139297431836496e+01
9.971018958095243079e+01
9.963526575304568667e+01
9.955658333229511925e+01
9.947412959926643339e+01
9.938788547480811530e+01
9.929783823948584143e+01
9.920395609471380283e+01
9.910623268077482351e+01
9.900463619908308033e+01
9.889914757048710214e+01
9.878975407555253696e+01
9.867644299484507542e+01
9.855917617006173259e+01
9.843795360120250848e+01
9.831273712996441816e+01
9.818352039663028563e+01
9.805027160261430197e+01
9.791299710763364317e+01
9.777165239366814831e+01
9.762621838156631782e+01
9.747668235189384234e+01
9.732303158521638409e+01
9.716524700238245771e+01
9.700329680480624006e+01
9.683716827305340757e+01
9.666682960853813711e+01
9.649228717097759045e+01
9.631350280206879688e+01
9.613046378237741862e+01
9.594314467303479432e+01
9.575153275460660041e+01
9.555561530765851330e+01
9.535546864879650286e+01
9.515118181406086251e+01
9.494282476034038609e+01
9.473048016395820525e+01
9.451423706095459920e+01
9.429419084708705157e+01
9.407039875981003263e+01
9.384296891431530696e+01
9.361195854805737326e+01
9.337748213594515789e+01
9.313960327515030713e+01
9.289841100171311439e+01
9.265398163223954953e+01
9.240639784305274418e+01
9.215576138962731534e+01
9.190212950941771908e+01
9.164561031761577681e+01
9.138626741139309217e+01
9.112418982678997281e+01
9.085947295956388814e+01
9.059218676660361780e+01
9.032242028394946942e+01
9.005025618792456044e+01
8.977577079513487490e+01
8.949906586105501560e+01
8.922019862313945282e+01
8.893927083686283197e+01
8.865635881883110869e+01
8.837155160508456220e+01
8.808492551222917655e+01
8.779656957630523095e+01
8.750656647363585705e+01
8.721499252082703890e+01
8.692194311363620329e+01
8.662748820895217250e+01
8.633172320253240173e+01
8.603472441098284662e+01
8.573657451062665302e+01
8.543736253750410015e+01
8.513716480822115784e+01
8.483607035881811953e+01
8.453416186561810264e+01
8.423152200494426722e+01
8.392822709340255471e+01
8.362437252675042032e+01
8.332003462159384810e+01
8.301529605425594127e+01
8.271024586077702168e+01
8.240496035776303074e+01
8.209950950210279075e+01
8.179391873266494883e+01
8.148818168973232900e+01
8.118231109273926904e+01
8.087629422225145959e+01
8.057015015742035757e+01
8.026387253852881543e+01
7.995746772529400914e+01
7.965093571771591030e+01
7.934428287551170911e+01
7.903751555839855314e+01
7.873062104694213303e+01
7.842362478001108173e+01
7.811651403817108985e+01
7.780929518113930499e+01
7.750196820891574134e+01
7.719455220065188428e+01
7.688702807719624843e+01
7.657940855798314317e+01
7.627170000272974448e+01
7.596390241143606659e+01
7.565601578410208106e+01
7.534805284016213989e+01
7.504000086018190530e+01
7.473187892331286264e+01
7.442367431012068835e+01
7.411539974003972020e+01
7.380706157278710577e+01
7.349865344864569749e+01
7.319018808704980472e+01
7.288165912828227988e+01
7.257307929177744654e+01
7.226443585810098114e+01
7.195574790640435481e+01
7.164701543668759598e+01
7.133823844895067623e+01
7.102941058347646219e+01
7.072055091941642502e+01
7.041165309705338871e+01
7.010272347610455768e+01
6.979376205656988930e+01
6.948478155788373556e+01
6.917576926061175868e+01
6.886673788418829645e+01
6.855768742861334886e+01
6.824862425360406348e+01
6.793954835916045454e+01
6.763046610499966960e+01
6.732137749112173708e+01
6.701228251752662857e+01
